%YAML:1.0
---
intrinsic: !!opencv-matrix
   rows: 3
   cols: 3
   dt: d
   data: [ 8.8902505967742923e+02, 0., 3.6397892206770126e+02, 0.,
       8.9435208565634537e+02, 1.9735891858511610e+02, 0., 0., 1. ]
distCoeffs: !!opencv-matrix
   rows: 1
   cols: 5
   dt: d
   data: [ 1.4122587304653247e-01, -2.0001451602880363e-01,
       -2.1326310029796659e-02, 2.2990703242677161e-02,
       2.3442522845272253e+00 ]
rvecs:
   - !!opencv-matrix
      rows: 3
      cols: 1
      dt: d
      data: [ 2.1814356397080554e+00, 2.1242033618664964e+00,
          2.5376090317174665e-01 ]
   - !!opencv-matrix
      rows: 3
      cols: 1
      dt: d
      data: [ 1.9216862610638936e+00, -2.3601492134412898e+00,
          -2.2040010152179970e-01 ]
   - !!opencv-matrix
      rows: 3
      cols: 1
      dt: d
      data: [ -2.2182813129424783e+00, 2.0887887038905690e+00,
          -3.2223985775677078e-01 ]
   - !!opencv-matrix
      rows: 3
      cols: 1
      dt: d
      data: [ 1.7323411449516450e+00, 2.0746206883709224e+00,
          3.7663446541368573e-01 ]
   - !!opencv-matrix
      rows: 3
      cols: 1
      dt: d
      data: [ -1.9945114149348198e+00, 2.0721443059811415e+00,
          1.0655669589124565e-01 ]
   - !!opencv-matrix
      rows: 3
      cols: 1
      dt: d
      data: [ -1.5577152620738350e+00, 2.6150469167448893e+00,
          -5.0087062673561678e-01 ]
   - !!opencv-matrix
      rows: 3
      cols: 1
      dt: d
      data: [ 1.3154997180157875e+00, -2.0179501818416101e+00,
          7.7819245764968659e-01 ]
   - !!opencv-matrix
      rows: 3
      cols: 1
      dt: d
      data: [ -2.0942289440613813e+00, 2.2440154743630196e+00,
          -2.4618629810103768e-01 ]
   - !!opencv-matrix
      rows: 3
      cols: 1
      dt: d
      data: [ -2.1417733206078235e+00, 2.1322845550146883e+00,
          -7.1994445896921533e-01 ]
   - !!opencv-matrix
      rows: 3
      cols: 1
      dt: d
      data: [ -2.4164433870534285e+00, -1.9899005600376640e+00,
          3.4433586701582197e-01 ]
tvecs:
   - !!opencv-matrix
      rows: 3
      cols: 1
      dt: d
      data: [ -5.1078408397614350e+00, -2.8526270728280516e+00,
          1.9674555829230574e+01 ]
   - !!opencv-matrix
      rows: 3
      cols: 1
      dt: d
      data: [ 3.6789198105568302e+00, 1.9766161769146195e+00,
          2.0296870537807234e+01 ]
   - !!opencv-matrix
      rows: 3
      cols: 1
      dt: d
      data: [ 1.2519476811322678e+00, 2.3102069009269863e+00,
          2.0628286746523738e+01 ]
   - !!opencv-matrix
      rows: 3
      cols: 1
      dt: d
      data: [ -6.2739236982833209e+00, -1.8706711805976430e+00,
          1.9531337684851145e+01 ]
   - !!opencv-matrix
      rows: 3
      cols: 1
      dt: d
      data: [ 2.8216064764592397e+00, 1.0974629810305971e+00,
          2.4455329055212509e+01 ]
   - !!opencv-matrix
      rows: 3
      cols: 1
      dt: d
      data: [ 3.3941066956737447e+00, 1.1858487613497612e+00,
          2.4292041875726639e+01 ]
   - !!opencv-matrix
      rows: 3
      cols: 1
      dt: d
      data: [ 3.0507203651617134e+00, 9.8372382774321543e-01,
          2.1857100175736726e+01 ]
   - !!opencv-matrix
      rows: 3
      cols: 1
      dt: d
      data: [ 2.4346870666517439e+00, 3.3614170614794014e-01,
          2.2367685830593359e+01 ]
   - !!opencv-matrix
      rows: 3
      cols: 1
      dt: d
      data: [ 1.6240925129586035e+00, 2.3859987473110351e+00,
          2.2969796337536835e+01 ]
   - !!opencv-matrix
      rows: 3
      cols: 1
      dt: d
      data: [ -3.6412334417063330e+00, -8.0411302013699204e-01,
          2.3005518765170788e+01 ]
