%YAML:1.0
---
intrinsic: !!opencv-matrix
   rows: 3
   cols: 3
   dt: d
   data: [ 8.9703301673730880e+02, 0., 3.7901858318861548e+02, 0.,
       9.1862938886057248e+02, 2.3605164689900127e+02, 0., 0., 1. ]
distCoeffs: !!opencv-matrix
   rows: 1
   cols: 5
   dt: d
   data: [ -5.2925341091180433e-01, 1.7332866286597561e+00,
       -9.3393338799499410e-03, -5.3249190880741475e-02,
       -3.5928402311676377e+00 ]
rvecs:
   - !!opencv-matrix
      rows: 3
      cols: 1
      dt: d
      data: [ 1.7135691007810909e+00, 2.0637063419293158e+00,
          2.0701446934601836e-01 ]
   - !!opencv-matrix
      rows: 3
      cols: 1
      dt: d
      data: [ 1.6422441332982258e+00, 1.9847785218135585e+00,
          2.5270851784873649e-01 ]
   - !!opencv-matrix
      rows: 3
      cols: 1
      dt: d
      data: [ 1.5981161812688645e+00, 1.9421400920355187e+00,
          2.5170466259170132e-01 ]
tvecs:
   - !!opencv-matrix
      rows: 3
      cols: 1
      dt: d
      data: [ -1.0421506183038963e+01, -3.9447058993464243e+00,
          2.9482702050421871e+01 ]
   - !!opencv-matrix
      rows: 3
      cols: 1
      dt: d
      data: [ -8.2584283527762352e+00, -4.0837484925027958e+00,
          2.9118563612361079e+01 ]
   - !!opencv-matrix
      rows: 3
      cols: 1
      dt: d
      data: [ -6.8619754840775196e+00, -4.0899515836782845e+00,
          2.9411112613855003e+01 ]
