%YAML:1.0
---
intrinsic: !!opencv-matrix
   rows: 3
   cols: 3
   dt: d
   data: [ 6.1727774675143280e+02, 0., 1.9670708206162502e+02, 0.,
       5.7843023247893177e+02, 2.3122519451867254e+02, 0., 0., 1. ]
distCoeffs: !!opencv-matrix
   rows: 1
   cols: 5
   dt: d
   data: [ 4.9614965630669430e-02, 5.1972828962200915e-02,
       1.1416795056060423e-03, -5.4160593923216115e-02,
       -6.7206381382926533e-02 ]
rvecs:
   - !!opencv-matrix
      rows: 3
      cols: 1
      dt: d
      data: [ 2.1235024047708673e+00, 2.1431506476867086e+00,
          5.6117223758399282e-02 ]
   - !!opencv-matrix
      rows: 3
      cols: 1
      dt: d
      data: [ -1.5576207963830100e+00, -1.5100522617849330e+00,
          1.0021522864743464e+00 ]
   - !!opencv-matrix
      rows: 3
      cols: 1
      dt: d
      data: [ -1.5563436902471903e+00, -1.5221507444449323e+00,
          9.9996439291315364e-01 ]
tvecs:
   - !!opencv-matrix
      rows: 3
      cols: 1
      dt: d
      data: [ 6.1133416951300141e+00, -2.1122947861359966e+00,
          2.3674533103918677e+01 ]
   - !!opencv-matrix
      rows: 3
      cols: 1
      dt: d
      data: [ 6.8937161059065586e+00, -3.2700677930589603e+00,
          2.4985370552506982e+01 ]
   - !!opencv-matrix
      rows: 3
      cols: 1
      dt: d
      data: [ 7.0568793404971135e+00, -3.1232279805003791e+00,
          2.4927041271930143e+01 ]
