%YAML:1.0
---
intrinsic: !!opencv-matrix
   rows: 3
   cols: 3
   dt: d
   data: [ 6.1050480982437034e+02, 0., 3.6838376469386526e+02, 0.,
       6.1865844662306665e+02, 2.6952948989172694e+02, 0., 0., 1. ]
distCoeffs: !!opencv-matrix
   rows: 1
   cols: 5
   dt: d
   data: [ 3.2965136151755747e-01, -1.4182749092154336e+00,
       1.1025327903945375e-02, 1.3064009151452945e-02,
       2.3325228567063894e+00 ]
rvecs:
   - !!opencv-matrix
      rows: 3
      cols: 1
      dt: d
      data: [ 2.0136746440957172e+00, 2.0217714753689466e+00,
          9.2040690389274260e-02 ]
   - !!opencv-matrix
      rows: 3
      cols: 1
      dt: d
      data: [ 2.0771725402029886e+00, 1.9650486927248638e+00,
          2.1313740586100147e-01 ]
   - !!opencv-matrix
      rows: 3
      cols: 1
      dt: d
      data: [ 2.0604441221698044e+00, 1.9505383001724375e+00,
          2.8717479884130009e-01 ]
tvecs:
   - !!opencv-matrix
      rows: 3
      cols: 1
      dt: d
      data: [ -1.1258829041935446e+01, -1.0817639526293286e+01,
          2.9038531194565468e+01 ]
   - !!opencv-matrix
      rows: 3
      cols: 1
      dt: d
      data: [ -8.1942064946565178e+00, -1.0225834800053848e+01,
          2.8509615886757135e+01 ]
   - !!opencv-matrix
      rows: 3
      cols: 1
      dt: d
      data: [ -5.7486376599843299e+00, -1.0600338919441679e+01,
          2.8368116690184358e+01 ]
