%YAML:1.0
---
intrinsic: !!opencv-matrix
   rows: 3
   cols: 3
   dt: d
   data: [ 8.4316188186719955e+02, 0., 3.2660955832406512e+02, 0.,
       8.4608082897909674e+02, 2.1666343684593417e+02, 0., 0., 1. ]
distCoeffs: !!opencv-matrix
   rows: 1
   cols: 5
   dt: d
   data: [ 1.0537605468522579e-01, -2.3648322046594999e-01,
       -1.8811736490599657e-02, 5.6163085966988713e-03,
       5.3980516447495184e+00 ]
rvecs:
   - !!opencv-matrix
      rows: 3
      cols: 1
      dt: d
      data: [ 1.9904591905821578e+00, -2.3374752142619615e+00,
          6.6210412403722455e-02 ]
   - !!opencv-matrix
      rows: 3
      cols: 1
      dt: d
      data: [ 2.1722795208831496e+00, 2.1629085161374957e+00,
          -1.3020563628658327e-01 ]
   - !!opencv-matrix
      rows: 3
      cols: 1
      dt: d
      data: [ 2.0051723896811282e+00, -2.0589809832472605e+00,
          1.8479972911075199e-01 ]
   - !!opencv-matrix
      rows: 3
      cols: 1
      dt: d
      data: [ 2.0384225423891422e+00, 2.1593869509622317e+00,
          -1.0807422305780712e-01 ]
   - !!opencv-matrix
      rows: 3
      cols: 1
      dt: d
      data: [ 2.0007481799576592e+00, -2.0440226825125767e+00,
          3.0138673406198996e-02 ]
   - !!opencv-matrix
      rows: 3
      cols: 1
      dt: d
      data: [ 1.7896659400556507e+00, -1.6679637499238378e+00,
          8.2157311021046209e-01 ]
   - !!opencv-matrix
      rows: 3
      cols: 1
      dt: d
      data: [ -1.6711819295771131e+00, 1.8906024389989067e+00,
          6.6667347524234732e-01 ]
   - !!opencv-matrix
      rows: 3
      cols: 1
      dt: d
      data: [ 2.0165742037746370e+00, -2.1787389526036245e+00,
          -3.0109507016212717e-01 ]
   - !!opencv-matrix
      rows: 3
      cols: 1
      dt: d
      data: [ 1.9086726778596794e+00, 1.9818491338864814e+00,
          3.5205001849529016e-01 ]
   - !!opencv-matrix
      rows: 3
      cols: 1
      dt: d
      data: [ -2.1000683678182672e+00, 2.3138731615798327e+00,
          -1.9539519401198027e-01 ]
tvecs:
   - !!opencv-matrix
      rows: 3
      cols: 1
      dt: d
      data: [ 5.1076784740669927e+00, -5.8270814501218837e-01,
          2.2738429437684395e+01 ]
   - !!opencv-matrix
      rows: 3
      cols: 1
      dt: d
      data: [ -5.5354142356587568e+00, -4.2613661138722119e+00,
          2.2341333205351265e+01 ]
   - !!opencv-matrix
      rows: 3
      cols: 1
      dt: d
      data: [ 2.4253043542629751e+00, 1.5101907831277386e+00,
          1.6899815033989977e+01 ]
   - !!opencv-matrix
      rows: 3
      cols: 1
      dt: d
      data: [ -5.2030435494209257e+00, -2.9390190678249017e+00,
          1.8207656635536221e+01 ]
   - !!opencv-matrix
      rows: 3
      cols: 1
      dt: d
      data: [ 4.8437504870906221e+00, 8.6328350898921957e-01,
          1.7328705638882159e+01 ]
   - !!opencv-matrix
      rows: 3
      cols: 1
      dt: d
      data: [ 3.5386322833410389e+00, 2.2426749921807803e+00,
          1.5493356760908496e+01 ]
   - !!opencv-matrix
      rows: 3
      cols: 1
      dt: d
      data: [ 9.6262886827094141e-01, -9.4833224980938324e-01,
          2.3100714309360576e+01 ]
   - !!opencv-matrix
      rows: 3
      cols: 1
      dt: d
      data: [ 4.9721814547785952e+00, -1.2964241274803937e-01,
          2.1028372834170501e+01 ]
   - !!opencv-matrix
      rows: 3
      cols: 1
      dt: d
      data: [ -2.8631410097422583e+00, -2.8158627268344296e+00,
          2.0266428286002217e+01 ]
   - !!opencv-matrix
      rows: 3
      cols: 1
      dt: d
      data: [ 4.7014896300844544e+00, 4.5075011959526973e-01,
          2.1539808598121851e+01 ]
