%YAML:1.0
---
intrinsic: !!opencv-matrix
   rows: 3
   cols: 3
   dt: d
   data: [ 4.9944181497268602e+02, 0., 2.8492532900361698e+02, 0.,
       4.9823781585234678e+02, 2.3933871924063627e+02, 0., 0., 1. ]
distCoeffs: !!opencv-matrix
   rows: 1
   cols: 5
   dt: d
   data: [ -7.3898261797557332e-02, 1.8318180195753139e-01,
       -3.5933115495243744e-03, -6.2004333712677023e-03,
       2.4727833486775908e-01 ]
rvecs:
   - !!opencv-matrix
      rows: 3
      cols: 1
      dt: d
      data: [ 2.2161198958476049e+00, 2.2159569876617207e+00,
          -3.2869438972582966e-02 ]
   - !!opencv-matrix
      rows: 3
      cols: 1
      dt: d
      data: [ 2.1468869343737538e+00, 2.1993599134848516e+00,
          1.2044309242138514e-01 ]
   - !!opencv-matrix
      rows: 3
      cols: 1
      dt: d
      data: [ -2.1713133939685254e+00, -2.3546262787361951e+00,
          -1.0364566676816031e-01 ]
   - !!opencv-matrix
      rows: 3
      cols: 1
      dt: d
      data: [ -2.0960099471886227e+00, -2.1836465848182254e+00,
          -3.8524173613612978e-01 ]
   - !!opencv-matrix
      rows: 3
      cols: 1
      dt: d
      data: [ -2.0535332515733269e+00, -2.2674894362556981e+00,
          5.4367619594191241e-01 ]
   - !!opencv-matrix
      rows: 3
      cols: 1
      dt: d
      data: [ 2.0452731632725762e+00, 2.2588497057126302e+00,
          -1.5155852751312657e-02 ]
   - !!opencv-matrix
      rows: 3
      cols: 1
      dt: d
      data: [ -2.1444601290006529e+00, -2.2379014599154088e+00,
          2.3055320547888575e-01 ]
   - !!opencv-matrix
      rows: 3
      cols: 1
      dt: d
      data: [ 1.5897012535121329e+00, 2.6556422076513115e+00,
          -2.6678224439746617e-01 ]
   - !!opencv-matrix
      rows: 3
      cols: 1
      dt: d
      data: [ -2.6093727983764752e+00, -1.7160247137686013e+00,
          8.8555587788698209e-02 ]
   - !!opencv-matrix
      rows: 3
      cols: 1
      dt: d
      data: [ -1.7722524504607806e+00, -2.4228422056509489e+00,
          1.7510768445670519e-01 ]
tvecs:
   - !!opencv-matrix
      rows: 3
      cols: 1
      dt: d
      data: [ -1.0185981870199615e+01, -4.3629855911104967e+00,
          2.5146656441415328e+01 ]
   - !!opencv-matrix
      rows: 3
      cols: 1
      dt: d
      data: [ -5.1608903748247865e+00, -5.6842824429078664e+00,
          2.5064365442531560e+01 ]
   - !!opencv-matrix
      rows: 3
      cols: 1
      dt: d
      data: [ 5.8345861489525701e+00, -7.7998645096260875e+00,
          2.7989924392099770e+01 ]
   - !!opencv-matrix
      rows: 3
      cols: 1
      dt: d
      data: [ 3.2457161816314257e+00, -5.7218964775503878e-01,
          2.6363050987061698e+01 ]
   - !!opencv-matrix
      rows: 3
      cols: 1
      dt: d
      data: [ -8.0518153645123789e+00, -1.5242708794219448e+00,
          3.2717020785370202e+01 ]
   - !!opencv-matrix
      rows: 3
      cols: 1
      dt: d
      data: [ -1.3203588650084578e+01, -9.1644225433197202e-01,
          2.8433895102916932e+01 ]
   - !!opencv-matrix
      rows: 3
      cols: 1
      dt: d
      data: [ -2.4967972146138391e+00, -4.0264157135694294e+00,
          2.8658270285383438e+01 ]
   - !!opencv-matrix
      rows: 3
      cols: 1
      dt: d
      data: [ 6.3678316221836662e+00, -8.2406134491023817e+00,
          2.9766474864820637e+01 ]
   - !!opencv-matrix
      rows: 3
      cols: 1
      dt: d
      data: [ -5.8934544079617170e+00, 1.2346135906461135e-01,
          2.9033114439718243e+01 ]
   - !!opencv-matrix
      rows: 3
      cols: 1
      dt: d
      data: [ -1.3266429998654806e+01, -3.6477103526589869e+00,
          2.9694769935276540e+01 ]
