%YAML:1.0
---
intrinsic: !!opencv-matrix
   rows: 3
   cols: 3
   dt: d
   data: [ 4.0649234400827692e+02, 0., 2.6104118977984297e+02, 0.,
       4.0385831091991690e+02, 3.1193287938154214e+02, 0., 0., 1. ]
distCoeffs: !!opencv-matrix
   rows: 1
   cols: 5
   dt: d
   data: [ -3.7466055418672511e-02, 5.5885035401846285e-02,
       -1.0668561229565660e-02, -5.0815833187509242e-02,
       -2.0606429599027150e-02 ]
rvecs:
   - !!opencv-matrix
      rows: 3
      cols: 1
      dt: d
      data: [ -1.8700762694134769e+00, -2.2428992791906870e+00,
          7.7242909068577881e-01 ]
   - !!opencv-matrix
      rows: 3
      cols: 1
      dt: d
      data: [ 2.0423834968255927e+00, 2.3170746101571593e+00,
          -6.3575078128150508e-01 ]
   - !!opencv-matrix
      rows: 3
      cols: 1
      dt: d
      data: [ 2.0422664616822739e+00, 2.3169131268866248e+00,
          -6.3582315326824801e-01 ]
tvecs:
   - !!opencv-matrix
      rows: 3
      cols: 1
      dt: d
      data: [ 2.7377372009094016e+00, -1.1262733496589945e+01,
          1.8895527961322696e+01 ]
   - !!opencv-matrix
      rows: 3
      cols: 1
      dt: d
      data: [ -2.7684372275724187e+00, -1.1239673126984973e+01,
          1.9325020174206372e+01 ]
   - !!opencv-matrix
      rows: 3
      cols: 1
      dt: d
      data: [ -2.7673858429377431e+00, -1.1238220410624319e+01,
          1.9322414077977665e+01 ]
