%YAML:1.0
---
fundamental_matrix: 3.5584135355561425e-18
fundamental_matrix: -5.1661366224288940e-01
fundamental_matrix: 3.8360018283128738e-02
fundamental_matrix: 5.1661366224288940e-01
fundamental_matrix: 1.2549457959989799e-18
fundamental_matrix: 3.8360018283128738e-02
fundamental_matrix: -3.8360018283128738e-02
fundamental_matrix: -3.8360018283128738e-02
fundamental_matrix: 0.
