%YAML:1.0
---
pnts3D: !!opencv-matrix
   rows: 3
   cols: 50
   dt: d
   data: [ 3.0929290515930629e+18, 3.0915234272321864e+18,
       3.0933706590705352e+18, 3.0934472468676588e+18,
       3.1059094279691868e+18, 3.1054114252365373e+18,
       3.0939041575707510e+18, 3.0933281595293271e+18,
       3.0940858831304632e+18, 3.0937783030800282e+18,
       3.1038798260543852e+18, 3.1046743384735647e+18,
       3.1024810215623608e+18, 3.0988498884121196e+18,
       3.0931190167376323e+18, 3.0933991851281464e+18,
       3.0940759429478211e+18, 3.0948427686700206e+18,
       3.4417638380463135e+18, 3.3503168623162460e+18,
       3.0891246703397448e+18, 3.6489584797737518e+18,
       3.0920695283405148e+18, 3.0911907314166272e+18,
       3.0949417947468861e+18, .Nan, .Nan, .Nan, .Nan, .Nan, .Nan, .Nan,
       .Nan, .Nan, .Nan, .Nan, .Nan, .Nan, .Nan, .Nan, .Nan, .Nan, .Nan,
       .Nan, .Nan, .Nan, .Nan, .Nan, .Nan, .Nan, 6.1150042545376640e+15,
       4.1152565673272405e+15, 8.0743324637612190e+15,
       8.3137415075408750e+15, 6.2045642263083688e+16,
       5.8711053991031776e+16, 1.0462896650163564e+16,
       7.4500415043635060e+15, 1.1161386973145530e+16,
       8.8832133893577420e+15, 5.1626790154267712e+16,
       5.1212131787507248e+16, 5.6420001558428240e+16,
       2.2913860988772745e+15, 5.8000750632515330e+15,
       7.1269928991514060e+15, 5.6764351473361420e+15,
       3.9043198522137500e+15, 2.1792648163220470e+18,
       1.9352912961795331e+18, 2.2544288371834800e+12,
       1.9736495289110595e+18, 4.6879553888732460e+15,
       5.7361804423221520e+15, 1.4031211758258664e+16, .Nan, .Nan, .Nan,
       .Nan, .Nan, .Nan, .Nan, .Nan, .Nan, .Nan, .Nan, .Nan, .Nan, .Nan,
       .Nan, .Nan, .Nan, .Nan, .Nan, .Nan, .Nan, .Nan, .Nan, .Nan, .Nan,
       2.7600757864249710e-02, 1.6677521969609232e-01,
       2.8773273611888493e-02, 3.4074964300315071e-02,
       1.3871084792538318e-01, 1.3645216824864376e-01,
       3.5982555762885088e-02, 3.2528169441909442e-02,
       3.6427681049519683e-02, 3.7471106551228525e-02,
       1.2903037811800111e-01, 1.0190939904757385e-01,
       2.5089981025875635e-01, 3.1150706145544052e+02,
       3.5346251131364290e-02, 3.6739588933886853e-02,
       1.7617724461681195e-01, 1.2603445312261249e-01,
       1.5157679632604424e+01, 1.1930876060172412e+01,
       2.5969206546494672e-01, 1.2863009803273862e+01,
       5.7747088204297248e-02, 1.8030835286265265e-01,
       4.9063378436151238e-02, .Inf, .Inf, .Inf, .Inf, .Inf, .Inf, .Inf,
       .Inf, .Inf, .Inf, .Inf, .Inf, .Inf, .Inf, .Inf, .Inf, .Inf, .Inf,
       .Inf, .Inf, .Inf, .Inf, .Inf, .Inf, .Inf ]
