%YAML:1.0
---
intrinsic: !!opencv-matrix
   rows: 3
   cols: 3
   dt: d
   data: [ 5.7826983718917586e+02, 0., 2.7373500640493847e+02, 0.,
       5.7634560379535185e+02, 2.5903020997952387e+02, 0., 0., 1. ]
distCoeffs: !!opencv-matrix
   rows: 1
   cols: 5
   dt: d
   data: [ -7.8924247922240676e-02, 1.8124297805573683e-01,
       6.9651962420513294e-03, -4.5023713463473065e-03,
       5.5149660710780890e-01 ]
rvecs:
   - !!opencv-matrix
      rows: 3
      cols: 1
      dt: d
      data: [ 1.9954635549850899e+00, 2.2108792666027530e+00,
          2.8445705950371297e-01 ]
   - !!opencv-matrix
      rows: 3
      cols: 1
      dt: d
      data: [ 2.0194083718957461e+00, 2.2250411147831941e+00,
          1.7622146400524547e-01 ]
   - !!opencv-matrix
      rows: 3
      cols: 1
      dt: d
      data: [ 2.1077880559529221e+00, 2.2630343597271518e+00,
          1.8570533430631414e-01 ]
   - !!opencv-matrix
      rows: 3
      cols: 1
      dt: d
      data: [ 2.0111038383763122e+00, 2.2110305781789243e+00,
          1.7073636138129167e-01 ]
   - !!opencv-matrix
      rows: 3
      cols: 1
      dt: d
      data: [ 1.9089810550051887e+00, 1.9169323574616162e+00,
          -3.6604667474028885e-01 ]
   - !!opencv-matrix
      rows: 3
      cols: 1
      dt: d
      data: [ 1.8090496481972229e+00, 2.4459024882517313e+00,
          6.6853753881333844e-01 ]
   - !!opencv-matrix
      rows: 3
      cols: 1
      dt: d
      data: [ 1.7987087466787661e+00, 1.6109219213430670e+00,
          -2.9745623588366299e-01 ]
   - !!opencv-matrix
      rows: 3
      cols: 1
      dt: d
      data: [ -1.9919531916544595e+00, -2.0665243178274038e+00,
          4.8282756184711245e-01 ]
   - !!opencv-matrix
      rows: 3
      cols: 1
      dt: d
      data: [ 1.9702908926462148e+00, 2.2819281955085335e+00,
          2.6139252322004980e-01 ]
   - !!opencv-matrix
      rows: 3
      cols: 1
      dt: d
      data: [ 1.9486298936030171e+00, 2.1374777559797908e+00,
          4.7266708096402696e-02 ]
tvecs:
   - !!opencv-matrix
      rows: 3
      cols: 1
      dt: d
      data: [ -5.6891543648496139e+00, -3.3028091282358845e+00,
          2.4282361244980777e+01 ]
   - !!opencv-matrix
      rows: 3
      cols: 1
      dt: d
      data: [ -8.5491222292401652e+00, -4.2200493843253630e+00,
          2.2906450915826060e+01 ]
   - !!opencv-matrix
      rows: 3
      cols: 1
      dt: d
      data: [ -1.3563974796516238e+00, -5.8578862678849832e+00,
          2.5700115751891019e+01 ]
   - !!opencv-matrix
      rows: 3
      cols: 1
      dt: d
      data: [ 5.3223740088607361e+00, -6.5156483073660860e+00,
          3.0478570832628982e+01 ]
   - !!opencv-matrix
      rows: 3
      cols: 1
      dt: d
      data: [ 4.7651197417158180e+00, -4.4239943476824610e+00,
          3.3250043724455651e+01 ]
   - !!opencv-matrix
      rows: 3
      cols: 1
      dt: d
      data: [ -7.4340916411549554e+00, -9.7116185746065948e+00,
          2.8163585660668502e+01 ]
   - !!opencv-matrix
      rows: 3
      cols: 1
      dt: d
      data: [ -1.0134229744354515e+01, -2.3063047673790718e+00,
          2.7125661640065438e+01 ]
   - !!opencv-matrix
      rows: 3
      cols: 1
      dt: d
      data: [ 5.8177328329438165e+00, -4.0276527503482136e+00,
          3.4466313004240106e+01 ]
   - !!opencv-matrix
      rows: 3
      cols: 1
      dt: d
      data: [ -9.6019541968865152e-01, -2.3793845492153962e+00,
          2.9034533211995235e+01 ]
   - !!opencv-matrix
      rows: 3
      cols: 1
      dt: d
      data: [ 6.4936928230394635e+00, -1.0610485160194935e+01,
          3.4247096316507587e+01 ]
