%YAML:1.0
---
intrinsic: !!opencv-matrix
   rows: 3
   cols: 3
   dt: d
   data: [ 6.0737700673487620e+02, 0., 3.1862185421197745e+02, 0.,
       6.0849824387340311e+02, 2.3143408473949668e+02, 0., 0., 1. ]
distCoeffs: !!opencv-matrix
   rows: 1
   cols: 5
   dt: d
   data: [ 0., 0., 2.7610444308654026e-03, 4.3152140480067066e-04, 0. ]
rvecs:
   - !!opencv-matrix
      rows: 3
      cols: 1
      dt: d
      data: [ 2.4045184990463469e-02, 3.1540279830513249e+00,
          1.7133947595955375e-02 ]
   - !!opencv-matrix
      rows: 3
      cols: 1
      dt: d
      data: [ -5.7690683612596605e-02, 3.0288042556509502e+00,
          -2.1717779454674169e-02 ]
   - !!opencv-matrix
      rows: 3
      cols: 1
      dt: d
      data: [ 5.9531127560380048e-03, -3.0976857478082054e+00,
          -1.6132201142632935e-01 ]
   - !!opencv-matrix
      rows: 3
      cols: 1
      dt: d
      data: [ -1.0690511795289745e-02, 3.0209936339925809e+00,
          1.6861158380034755e-01 ]
   - !!opencv-matrix
      rows: 3
      cols: 1
      dt: d
      data: [ -2.4152188651136924e-02, 3.0405071871337426e+00,
          1.8346319296225494e-01 ]
   - !!opencv-matrix
      rows: 3
      cols: 1
      dt: d
      data: [ -6.3351325085457974e-02, 3.0366963417504378e+00,
          1.2662337089510661e-01 ]
   - !!opencv-matrix
      rows: 3
      cols: 1
      dt: d
      data: [ -9.1892378372907077e-02, 3.0184882134694515e+00,
          -6.5581707088148353e-02 ]
   - !!opencv-matrix
      rows: 3
      cols: 1
      dt: d
      data: [ 7.6945492402565596e-02, 3.1142272400263882e+00,
          7.4381690162885266e-03 ]
   - !!opencv-matrix
      rows: 3
      cols: 1
      dt: d
      data: [ -4.1469001343609868e-02, -3.1259896478603584e+00,
          2.2738551442831240e-01 ]
   - !!opencv-matrix
      rows: 3
      cols: 1
      dt: d
      data: [ -1.1807626963968701e-01, 3.0603771008799647e+00,
          7.0399532318525124e-02 ]
tvecs:
   - !!opencv-matrix
      rows: 3
      cols: 1
      dt: d
      data: [ 7.4340715057566404e+00, -2.2810090620232253e+00,
          1.9362226608593718e+02 ]
   - !!opencv-matrix
      rows: 3
      cols: 1
      dt: d
      data: [ 1.0491642496057132e+02, 1.9830986590224014e-02,
          1.9895282085490243e+02 ]
   - !!opencv-matrix
      rows: 3
      cols: 1
      dt: d
      data: [ 1.0158857821425333e+02, -7.2374232441333064e+01,
          1.9398060379261523e+02 ]
   - !!opencv-matrix
      rows: 3
      cols: 1
      dt: d
      data: [ 1.1229935660382379e+01, -6.7694038969439575e+01,
          2.0001751074812753e+02 ]
   - !!opencv-matrix
      rows: 3
      cols: 1
      dt: d
      data: [ 1.4070118734149890e+01, -2.3065148133989815e+01,
          1.9500768959081307e+02 ]
   - !!opencv-matrix
      rows: 3
      cols: 1
      dt: d
      data: [ 5.5798762469589477e+01, 4.0921136767113753e-01,
          1.9527999599922964e+02 ]
   - !!opencv-matrix
      rows: 3
      cols: 1
      dt: d
      data: [ 1.1796302530414444e+02, -1.9600062576876166e+01,
          2.2161526469752096e+02 ]
   - !!opencv-matrix
      rows: 3
      cols: 1
      dt: d
      data: [ 5.3078481675754269e+01, -7.7504566006021207e+01,
          2.1468170466043836e+02 ]
   - !!opencv-matrix
      rows: 3
      cols: 1
      dt: d
      data: [ 5.0595230405643342e+01, -3.4275590246016023e+01,
          2.2017284260760388e+02 ]
   - !!opencv-matrix
      rows: 3
      cols: 1
      dt: d
      data: [ 6.1018833975570992e+01, -3.1729973198422474e+01,
          1.3444037109943409e+02 ]
