%YAML:1.0
---
fundamental_matrix: !!opencv-matrix
   rows: 3
   cols: 3
   dt: d
   data: [ 6.3402540267686502e-06, -2.9781942692243503e-03,
       1.8923930310691657e+00, 2.9784581434391805e-03,
       3.3280989756654517e-06, -5.5240911526746728e-01,
       -1.8962112819883572e+00, 5.4944066342561171e-01, 1. ]
