%YAML:1.0
---
fundamental_matrix: !!opencv-matrix
   rows: 3
   cols: 3
   dt: d
   data: [ 3.3409995034590402e-17, -2.5828592307431153e-01,
       -1.0262912459547866e+00, 2.5828592307431153e-01,
       -7.1445059858614565e-17, -1.0262912459547868e+00,
       1.0262912459547868e+00, 1.0262912459547868e+00, 0. ]
