%YAML:1.0
---
homography_matrix: !!opencv-matrix
   rows: 3
   cols: 3
   dt: d
   data: [ 9.4404985909667050e-01, -2.6586402040933623e-03,
       6.0008896399827112e+00, -3.5013807828858247e-02,
       9.6903312946928810e-01, 7.9313854048561740e+00,
       -7.6839727502911389e-05, -4.3472165923884976e-05, 1. ]
homography_mask: !!opencv-matrix
   rows: 202
   cols: 1
   dt: u
   data: [ 1, 1, 1, 1, 1, 1, 1, 1, 1, 1, 1, 1, 1, 1, 1, 1, 1, 1, 1, 1, 1,
       1, 1, 1, 1, 1, 1, 1, 1, 1, 1, 1, 1, 1, 1, 1, 1, 1, 1, 1, 1, 1, 1,
       1, 1, 1, 1, 1, 1, 1, 1, 1, 1, 1, 1, 1, 1, 1, 1, 1, 1, 1, 1, 1, 1,
       1, 1, 1, 1, 1, 1, 1, 1, 1, 1, 1, 1, 1, 1, 1, 1, 1, 1, 1, 1, 1, 1,
       1, 1, 1, 1, 1, 1, 1, 1, 1, 1, 1, 1, 1, 1, 1, 1, 1, 1, 1, 1, 1, 1,
       1, 1, 1, 1, 1, 1, 1, 1, 1, 1, 1, 1, 1, 1, 1, 1, 1, 1, 1, 1, 1, 1,
       1, 1, 1, 1, 1, 1, 1, 1, 1, 1, 1, 1, 1, 1, 1, 1, 1, 1, 1, 1, 1, 1,
       1, 1, 1, 1, 1, 1, 1, 1, 1, 1, 1, 1, 0, 1, 1, 1, 1, 1, 1, 1, 1, 1,
       1, 1, 1, 1, 1, 1, 1, 1, 1, 1, 1, 1, 1, 1, 1, 1, 1, 1, 1, 1, 1, 1,
       1, 1, 1, 1, 1 ]
fundamental_matrix: !!opencv-matrix
   rows: 3
   cols: 3
   dt: d
   data: [ -4.0902436006225531e-09, -1.0223769897906346e-04,
       4.6949135045510682e-02, 1.0172824660642293e-04,
       1.1804008109184488e-05, -1.7318872179668143e-01,
       -4.6825650693289977e-02, 1.6601185386562317e-01, 1. ]
fundamental_mask: !!opencv-matrix
   rows: 202
   cols: 1
   dt: u
   data: [ 1, 1, 1, 1, 1, 1, 1, 1, 1, 1, 1, 1, 1, 1, 1, 1, 0, 1, 1, 0, 1,
       1, 1, 1, 1, 1, 1, 1, 1, 1, 1, 1, 0, 1, 1, 1, 1, 1, 1, 1, 1, 1, 1,
       1, 1, 1, 1, 1, 1, 1, 1, 1, 1, 1, 1, 1, 1, 1, 1, 1, 1, 1, 1, 1, 1,
       1, 1, 1, 1, 1, 1, 1, 1, 1, 1, 1, 1, 1, 1, 1, 1, 1, 1, 1, 1, 1, 1,
       1, 1, 1, 1, 1, 1, 1, 1, 1, 1, 1, 1, 1, 1, 1, 0, 1, 1, 1, 1, 1, 0,
       1, 1, 1, 1, 1, 1, 1, 0, 1, 1, 1, 0, 1, 1, 1, 1, 1, 1, 1, 1, 1, 1,
       1, 1, 1, 1, 1, 1, 1, 0, 1, 1, 1, 0, 1, 1, 1, 1, 1, 1, 1, 1, 1, 1,
       1, 1, 1, 1, 1, 1, 1, 1, 1, 1, 1, 1, 0, 1, 1, 1, 1, 1, 1, 0, 0, 1,
       1, 1, 1, 1, 1, 1, 0, 1, 1, 1, 1, 1, 1, 1, 1, 1, 1, 1, 1, 1, 1, 1,
       1, 1, 1, 1, 1 ]
K-1: !!opencv-matrix
   rows: 3
   cols: 3
   dt: d
   data: [ 1.6666666666666668e-03, 0., -5.3333333333333333e-01, 0.,
       1.6666666666666668e-03, -4.0000000000000002e-01, 0., 0., 1. ]
points1H: !!opencv-matrix
   rows: 201
   cols: 1
   dt: "3f"
   data: [ 4.85686378e+01, 3.18487000e+02, 1., 1.40005142e+02,
       3.39852997e+02, 1., 1.31215790e+02, 3.37759796e+02, 1.,
       1.40535049e+02, 3.35155670e+02, 1., 1.55153290e+02,
       2.90355255e+02, 1., 1.74572754e+02, 3.12258423e+02, 1.,
       1.65428787e+02, 2.34582458e+02, 1., 1.69738678e+02,
       3.02136505e+02, 1., 1.52134750e+02, 3.38244873e+02, 1.,
       1.36745468e+02, 2.73826355e+02, 1., 1.52898270e+02,
       2.50665024e+02, 1., 1.74572754e+02, 3.12258423e+02, 1.,
       1.35494461e+02, 3.67937836e+02, 1., 1.45523483e+02,
       3.41890778e+02, 1., 1.57947083e+02, 2.29293167e+02, 1.,
       7.04845123e+01, 3.44018433e+02, 1., 6.09311371e+01,
       2.94979126e+02, 1., 1.55860046e+02, 3.38087433e+02, 1.,
       4.85686378e+01, 3.18487000e+02, 1., 4.75890991e+02,
       1.68985062e+02, 1., 1.73089310e+02, 2.22067047e+02, 1.,
       1.43128464e+02, 3.64353943e+02, 1., 1.71156738e+02,
       3.37151917e+02, 1., 1.61408813e+02, 3.38028259e+02, 1.,
       2.38188873e+02, 2.20220749e+02, 1., 1.87697556e+02,
       2.15683411e+02, 1., 1.70327667e+02, 2.41250885e+02, 1.,
       1.22654297e+02, 3.28373993e+02, 1., 1.67422150e+02,
       2.22106049e+02, 1., 1.69639572e+02, 3.29655640e+02, 1.,
       1.63688568e+02, 2.58672852e+02, 1., 2.77233093e+02,
       2.90348877e+02, 1., 4.73876160e+02, 1.71897964e+02, 1.,
       1.53143890e+02, 2.79014709e+02, 1., 4.30360962e+02,
       2.21488907e+02, 1., 1.31150574e+02, 3.55538208e+02, 1.,
       1.47990601e+02, 3.74579834e+02, 1., 9.55069962e+01,
       3.33394379e+02, 1., 1.91267563e+02, 1.55353638e+02, 1.,
       1.34127991e+02, 2.93320709e+02, 1., 1.78482849e+02,
       3.18663757e+02, 1., 4.32192566e+02, 2.34635590e+02, 1.,
       1.91267563e+02, 1.55353638e+02, 1., 2.27440048e+02,
       2.34960510e+02, 1., 1.79025696e+02, 2.27570389e+02, 1.,
       4.25031738e+02, 3.15017639e+02, 1., 1.18990143e+02,
       3.06562866e+02, 1., 1.48638199e+02, 2.41954773e+02, 1.,
       4.72737579e+02, 1.89252258e+02, 1., 1.67891861e+02,
       2.89327667e+02, 1., 1.75897903e+02, 3.23967499e+02, 1.,
       1.82913147e+02, 2.19708725e+02, 1., 1.37879654e+02,
       3.00361847e+02, 1., 1.62896774e+02, 2.82803314e+02, 1.,
       1.93833344e+02, 2.11584961e+02, 1., 2.38188873e+02,
       2.20220749e+02, 1., 1.58007492e+02, 3.55565979e+02, 1.,
       1.55860046e+02, 3.38087433e+02, 1., 1.82824844e+02,
       2.29378052e+02, 1., 1.55108215e+02, 3.12791046e+02, 1.,
       1.78482849e+02, 3.18663757e+02, 1., 4.58203552e+02,
       2.36426651e+02, 1., 2.35892197e+02, 2.18351212e+02, 1.,
       1.63582413e+02, 3.57843597e+02, 1., 2.19800171e+02,
       2.35237350e+02, 1., 4.76386536e+02, 1.78970184e+02, 1.,
       2.31115433e+02, 2.32257263e+02, 1., 4.38817352e+02,
       2.81338501e+02, 1., 1.43191803e+02, 2.83657501e+02, 1.,
       1.50435318e+02, 3.58066223e+02, 1., 1.75165558e+02,
       2.15403610e+02, 1., 1.41649597e+02, 2.87030151e+02, 1.,
       1.50435318e+02, 3.58066223e+02, 1., 1.77947556e+02,
       2.17078201e+02, 1., 5.88988464e+02, 4.11434357e+02, 1.,
       5.88988464e+02, 4.11434357e+02, 1., 2.41055817e+02,
       2.18380280e+02, 1., 1.51054596e+02, 3.29996643e+02, 1.,
       1.55108215e+02, 3.12791046e+02, 1., 1.38193695e+02,
       3.50170380e+02, 1., 4.30400604e+02, 3.09925995e+02, 1.,
       4.44390442e+02, 2.73341370e+02, 1., 1.93397476e+02,
       2.28758453e+02, 1., 1.27028511e+02, 2.83951324e+02, 1.,
       4.50308899e+02, 2.33962585e+02, 1., 1.28303467e+02,
       3.27363007e+02, 1., 1.62883179e+02, 3.53868866e+02, 1.,
       4.55657990e+02, 2.87064667e+02, 1., 2.35773026e+02,
       2.11906738e+02, 1., 1.51054596e+02, 3.29996643e+02, 1.,
       1.66626328e+02, 2.11612610e+02, 1., 1.43472946e+02,
       3.71145966e+02, 1., 1.53478912e+02, 3.51464783e+02, 1.,
       1.82913147e+02, 2.19708725e+02, 1., 2.25246918e+02,
       2.31606171e+02, 1., 1.62883179e+02, 3.53868866e+02, 1.,
       4.60447327e+02, 2.36149445e+02, 1., 1.05490364e+02,
       3.21866364e+02, 1., 1.62274841e+02, 3.05327087e+02, 1.,
       4.53050507e+02, 2.01125656e+02, 1., 1.23320023e+02,
       3.52621796e+02, 1., 1.34849548e+02, 3.98722748e+02, 1.,
       1.67952332e+02, 3.81398010e+02, 1., 2.35773026e+02,
       2.11906738e+02, 1., 1.55970474e+02, 3.76599609e+02, 1.,
       4.68702393e+02, 2.73102478e+02, 1., 4.29971771e+02,
       2.66163116e+02, 1., 4.43952545e+02, 2.24918686e+02, 1.,
       2.29289627e+02, 3.34139435e+02, 1., 4.26681458e+02,
       2.49500748e+02, 1., 4.76197723e+02, 1.83134857e+02, 1.,
       4.31322144e+02, 2.67222443e+02, 1., 2.28380096e+02,
       2.28619537e+02, 1., 1.41688141e+02, 3.42898834e+02, 1.,
       4.64068604e+02, 2.64307861e+02, 1., 4.58432922e+02,
       2.08077179e+02, 1., 3.64625305e+02, 1.53427979e+02, 1.,
       1.69738678e+02, 3.02136505e+02, 1., 1.04941498e+02,
       3.05891479e+02, 1., 2.85343414e+02, 3.09781128e+02, 1.,
       3.91980133e+02, 2.18092957e+02, 1., 1.42868729e+02,
       3.57955261e+02, 1., 4.30806274e+02, 2.57502869e+02, 1.,
       4.52912231e+02, 2.45674835e+02, 1., 4.58432922e+02,
       2.08077179e+02, 1., 1.80542084e+02, 2.59107605e+02, 1.,
       4.58507538e+02, 3.12423462e+02, 1., 1.15491051e+02,
       2.90110291e+02, 1., 1.45388260e+02, 3.87796875e+02, 1.,
       1.63462830e+02, 3.00123535e+02, 1., 5.96553223e+02,
       4.11771851e+02, 1., 1.30779465e+02, 2.84483307e+02, 1.,
       1.58560928e+02, 4.16723602e+02, 1., 5.32478882e+02,
       4.08226105e+02, 1., 4.64889465e+02, 2.75927460e+02, 1.,
       5.50178284e+02, 4.09401855e+02, 1., 1.80542084e+02,
       2.59107605e+02, 1., 5.32478882e+02, 4.08226105e+02, 1.,
