%YAML:1.0
---
pointsMass:
   - !!opencv-matrix
      rows: 2
      cols: 115
      dt: d
      data: [ 1.3782960176467896e-01, -3.1642255187034607e-01,
          -3.0953994393348694e-01, 9.4301402568817139e-02,
          -3.0670118331909180e-01, -4.5124027132987976e-01,
          -2.6418408751487732e-01, 6.5563619136810303e-02,
          -3.0647900700569153e-01, -3.0670118331909180e-01,
          -2.9106682538986206e-01, -2.6978310942649841e-01,
          -2.6612779498100281e-01, -2.8857529163360596e-01,
          -2.5172242522239685e-01, -2.6978310942649841e-01,
          -4.5124027132987976e-01, -4.4955861568450928e-01,
          -2.5550970435142517e-01, -2.1663364768028259e-01,
          -3.2662928104400635e-01, 1.9436240196228027e-02,
          -2.2051811218261719e-01, -2.4525049328804016e-01,
          -2.4002179503440857e-01, -4.4955861568450928e-01,
          -3.0492007732391357e-01, -2.9349243640899658e-01,
          2.1088033914566040e-01, -2.1491640806198120e-01,
          -1.3555243611335754e-01, 4.8746007680892944e-01,
          -2.7294814586639404e-01, -3.0252540111541748e-01,
          -2.3865604400634766e-01, -2.2051811218261719e-01,
          -2.4543958902359009e-01, -1.5392971038818359e-01,
          -1.7779484391212463e-01, -2.3281309008598328e-01,
          -2.2286549210548401e-01, 1.1807173490524292e-01,
          -2.4845647811889648e-01, 1.7950415611267090e-01,
          -3.8659572601318359e-02, 1.3738536834716797e-01,
          -2.5825470685958862e-01, 1.6701954603195190e-01,
          -1.9966977834701538e-01, 1.1859315633773804e-01,
          -2.1663364768028259e-01, 1.5848207473754883e-01,
          1.6387444734573364e-01, 8.5106670856475830e-02,
          -2.7231308817863464e-01, -2.3501631617546082e-01,
          1.5848207473754883e-01, -4.0681004524230957e-02,
          1.4689660072326660e-01, -2.7982103824615479e-01,
          -2.5615870952606201e-01, 1.8090033531188965e-01,
          1.7608702182769775e-01, 4.7388190031051636e-01,
          -3.4469771385192871e-01, -2.4230143427848816e-01,
          -2.7798694372177124e-01, -3.0020350217819214e-01,
          2.1574264764785767e-01, -3.2905825972557068e-01,
          -1.5073034167289734e-01, 2.4186956882476807e-01,
          -4.1533979773521423e-01, -9.8620712757110596e-02,
          -1.6450169682502747e-01, -3.4487265348434448e-01,
          2.6015543937683105e-01, -4.7488719224929810e-02,
          1.7938882112503052e-01, -2.8419357538223267e-01,
          2.7475208044052124e-01, -2.8744947910308838e-01,
          1.6102749109268188e-01, -1.6050225496292114e-01,
          2.3675417900085449e-01, 1.5007030963897705e-01,
          -2.9231941699981689e-01, 1.2469100952148438e-01,
          -1.4563593268394470e-01, 1.5426522493362427e-01,
          1.1326122283935547e-01, 1.4015537500381470e-01,
          -3.0347943305969238e-02, -2.3804709315299988e-01,
          -4.9665749073028564e-02, 2.2274833917617798e-01,
          2.5647616386413574e-01, -2.9559811949729919e-01,
          1.2934446334838867e-01, -2.8056737780570984e-01,
          -2.2360667586326599e-01, -1.9229924678802490e-01,
          2.4863934516906738e-01, -1.5769961476325989e-01,
          -4.0520250797271729e-02, -9.0833097696304321e-02,
          -5.1101148128509521e-02, 1.8498921394348145e-01,
          -2.5500988960266113e-01, 1.3005179166793823e-01,
          -3.0291879177093506e-01, 1.4164161682128906e-01,
          -2.1504759788513184e-02, -2.0212933421134949e-01,
          1.5120083093643188e-01, -1.8012997508049011e-01,
          1.7252978682518005e-01, 9.3378663063049316e-02,
          -2.1239207684993744e-01, 1.7215874791145325e-01,
          1.9422718882560730e-01, 9.2733919620513916e-02,
          -2.2986662387847900e-01, 1.0330304503440857e-01,
          1.7215874791145325e-01, 1.0694840550422668e-01,
          1.7755150794982910e-02, 4.4043987989425659e-02,
          1.2676849961280823e-01, -3.1900438666343689e-01,
          1.7755150794982910e-02, 1.9422718882560730e-01,
          1.9223538041114807e-01, 1.3696947693824768e-01,
          9.1373920440673828e-03, 1.8119922280311584e-01,
          -1.0102784633636475e-01, 5.7987123727798462e-02,
          1.7868608236312866e-02, 1.1060181260108948e-01,
          1.9223538041114807e-01, 1.1879846453666687e-01,
          1.8836912512779236e-01, 1.7183664441108704e-01,
          1.5773952007293701e-02, 1.3919919729232788e-02,
          2.5758412480354309e-01, 2.9780834913253784e-02,
          1.0565444827079773e-01, 6.1161220073699951e-03,
          5.7987123727798462e-02, 5.0271421670913696e-02,
          8.6278527975082397e-02, 2.4048328399658203e-02,
          -3.1248331069946289e-03, 5.7813227176666260e-03,
          1.4191117882728577e-01, 1.2848147749900818e-01,
          1.0160204768180847e-01, -2.1659374237060547e-01,
          1.8187016248703003e-02, 8.6434185504913330e-03,
          1.1942628026008606e-01, 6.5084099769592285e-03,
          -1.9091315567493439e-01, 9.1373920440673828e-03,
          1.0614266991615295e-01, 1.0465964674949646e-01,
          -2.1826845407485962e-01, 1.2765958905220032e-01,
          2.9192566871643066e-02, 1.0614266991615295e-01,
          -2.4143652617931366e-01, -7.1995079517364502e-02,
          1.8221655488014221e-01, 2.4386018514633179e-02,
          1.0990080237388611e-01, 1.1473289132118225e-01,
          -2.2741436958312988e-02, 1.7804780602455139e-01,
          4.0385037660598755e-02, 1.3604620099067688e-01,
          1.0064771771430969e-01, 5.6790620088577271e-02,
          1.1014369130134583e-01, 7.9715847969055176e-03,
          1.0453012585639954e-01, 1.2997230887413025e-01,
          -5.6912541389465332e-02, 3.1767845153808594e-02,
          1.6229960322380066e-01, -1.0591107606887817e-01,
          6.3317924737930298e-02, 7.5166732072830200e-02,
          1.9079938530921936e-01, 1.2843039631843567e-01,
          1.8614014983177185e-01, -8.6878091096878052e-02,
          9.6846371889114380e-02, 2.2108197212219238e-02,
          -7.6399534940719604e-02, 8.4250748157501221e-02,
          -1.9036579132080078e-01, 1.3361215591430664e-02,
          -6.1763674020767212e-02, 9.1656744480133057e-02,
          1.3045519590377808e-02, -2.2285734117031097e-01,
          5.5592149496078491e-02, 1.2629392743110657e-01,
          2.0705997943878174e-02, -1.0190281271934509e-01,
          1.1564877629280090e-01, -1.8010315299034119e-01,
          1.8168070912361145e-01, 5.9404671192169189e-03,
          1.5033695101737976e-01, 8.8108986616134644e-02,
          8.9672714471817017e-02, -2.2099199891090393e-01,
          3.3421933650970459e-02, -2.1332216262817383e-01,
          9.0270042419433594e-02, 1.1513561010360718e-02,
          -1.8034322559833527e-01, 1.8845459818840027e-01,
          1.0387334227561951e-01, -2.2656185925006866e-01,
          2.3553371429443359e-02, 7.9957336187362671e-02 ]
   - !!opencv-matrix
      rows: 2
      cols: 115
      dt: d
      data: [ 1.5456593036651611e-01, -3.1618940830230713e-01,
          -3.0931490659713745e-01, 1.1101257801055908e-01,
          -3.0684450268745422e-01, -4.5271575450897217e-01,
          -2.6413920521736145e-01, 8.1555187702178955e-02,
          -3.0672043561935425e-01, -3.0684450268745422e-01,
          -2.9126217961311340e-01, -2.7021452784538269e-01,
          -2.6631465554237366e-01, -2.8882995247840881e-01,
          -2.4934205412864685e-01, -2.7021452784538269e-01,
          -4.5271575450897217e-01, -4.5271575450897217e-01,
          -2.5563916563987732e-01, -2.1683782339096069e-01,
          -3.2652473449707031e-01, 3.6453664302825928e-02,
          -2.2079750895500183e-01, -2.4589467048645020e-01,
          -2.4015283584594727e-01, -4.5271575450897217e-01,
          -3.0533593893051147e-01, -2.9350239038467407e-01,
          2.1457344293594360e-01, -2.1532273292541504e-01,
          -1.3610506057739258e-01, 4.8942238092422485e-01,
          -2.7340811491012573e-01, -3.0271708965301514e-01,
