%YAML:1.0
---
points3D: !!opencv-matrix
   rows: 3
   cols: 201
   dt: d
   data: [ 3.7134523091860883e-02, 3.5155347569091520e-02,
       -7.3414404361424324e-02, -7.6699842622709333e-02,
       -5.4789297842994158e-03, -7.3576765937487285e-02,
       3.3798171126091722e-02, 5.3032855557912643e-02,
       2.0080604176178251e-02, -5.8614581824441885e+00,
       4.2703544674231181e-02, 1.2036498908077845e-02,
       -2.4879071731952993e+00, 4.5259306198440034e-02,
       -1.9284453414924033e-02, -3.8866018216736822e+00,
       -5.3682774486377392e-02, 4.5111658355036881e-02,
       5.2459244509143091e-02, 1.7985731618621378e-02,
       -5.8419775115650516e+00, -3.7913754935392081e+00,
       -5.6622234347168412e+00, -2.0854789004330856e-01,
       -1.1276452202120986e-01, -2.0022224323685665e+00,
       -9.6072975009571862e-02, -4.9532123145944515e+00,
       1.9974245192185620e-02, -3.2146071206114821e-03,
       -5.8513945528430673e+00, 2.2574230979645823e-02,
       -5.8612301920208161e+00, -5.7840527896626899e+00,
       3.5635389932834112e-02, -2.3707014230597606e-03,
       -1.8131803346840465e+00, -5.8491830977870647e+00,
       2.0599060605631967e-02, 4.0616759499440935e-02,
       -5.8005704506738702e+00, 2.3437710205579762e-02,
       4.0796656773636218e-02, -5.8016778372003790e+00,
       2.0623436356780558e-02, 4.4002893205883790e-02,
       -2.0021809441949263e+00, 2.0073917537710675e-02,
       5.1006198372300179e-02, -5.8588032491562307e+00,
       4.9466182177985762e-02, -5.1393673850156825e+00,
       -5.8311122813682053e+00, -5.8521035277559905e+00,
       -5.8200845622289679e+00, -5.7986861429606531e+00,
       3.7079166094581124e-02, -5.8588010803424879e+00,
       -7.6810953109932203e-02, -3.4675279554699330e+00,
       4.1047507201301944e-02, -5.8400389633511205e+00,
       -4.5620029244348781e-01, 4.3086354205844196e-02,
       -5.0062202683053149e-02, 1.6350006461811669e-02,
       -5.7356144664703947e+00, -5.6782562927820983e+00,
       -5.7706703859037285e+00, -5.8606247353698082e+00,
       3.7100042704552451e-02, -5.7238356620034745e+00,
       -3.5178442171970259e+00, 1.9978509820321375e-02,
       -5.7925768146630761e+00, 2.4542773556403684e-02,
       4.0795196768793514e-02, -5.8556470122944280e+00,
       -4.1812125212757439e-01, -3.8385082035634013e+00,
       -3.6595832605966945e-02, -5.7592462802448274e+00,
       4.6172645070163318e-02, -5.7419905923512831e+00,
       -5.8116735214920325e+00, -5.8617857540362630e+00,
       -5.7631858196246872e+00, -5.8505021412149247e+00,
       -5.5804081207797021e+00, -5.6710434166643289e+00,
       -5.8211812145538886e+00, -6.6561883790464779e-02,
       -5.7722016652301837e+00, -5.8580019632097926e+00,
       -5.8558560839510072e+00, -5.7171346387892212e+00,
       -3.8385498755682494e+00, -5.8505659397063301e+00,
       -5.8598626806494174e+00, -5.7399965639193704e+00,
       -6.6103006464281950e+00, -4.6272079947675051e+00,
       -1.7756780378212863e+01, -4.6376551578504267e-02,
       1.4677037401832234e+01, -4.8420629468191425e+00,
       -2.1943705514828595e+00, -1.2610682744934423e+00,
       -3.5659819834541917e+00, -7.3228032321944223e+00,
       -2.6167473684919496e+00, -4.9196074805350332e+00,
       -5.7394964532990214e+00, 8.5864879858591877e+01,
       -3.9810680396892573e+00, -4.2533966568050525e+00,
       -1.8817303958187004e+00, -9.0426803401815214e-01,
       -1.3770225572262561e+01, -5.0341875961569258e+00,
       2.1893303274963105e+00, -5.4419101181103802e+00,
       -4.5150566873440479e+00, -5.4182108328625587e+00,
       -4.6214655195839347e+00, -8.0477963421027514e+00,
       1.6022391311531941e+01, -5.5418911325049631e+00,
       -3.5950785664666203e+00, -4.0575515557878736e+00,
       -6.5824631941265765e-01, -5.8963361109392203e+00,
       -2.8562259368057998e+00, -6.3510157985332416e+00,
       -3.9386976070060719e+01, -3.7813376601370661e+00,
       -4.0666490763299654e+00, -4.1443753549234295e+00,
       1.1895561880935441e+01, -4.5004337903955456e+00,
       -1.5380777576648178e+01, -1.7643190705568412e-01,
       -1.7490627075278573e-01, -1.7647401502711932e+00,
       -1.6729661017178146e-01, -5.3207075363149148e+00,
       -1.8283889427475390e+00, -2.7668598558174913e+00,
       -6.5165084181936752e+00, -7.3474136408069617e+00,
       -6.7017065688921580e+00, -5.1055202826073387e+00,
       -2.4204101575544539e+00, -3.5286478265823074e+00,
       -8.0488497653821920e+00, -4.4578240342903275e+00,
       3.1946415463768822e+00, 3.3460350188545657e-01,
       -3.4507303622189802e+01, -3.9667034097943699e+01,
       -8.8189983184625973e+00, -5.9080234007050860e+00,
       1.3822784904626264e+01, -5.5841035112758384e+00,
       -1.2549661502675022e+00, -6.2186602121199845e+00,
       -4.8282842462087601e+00, -6.8989144079569273e+00,
       -6.5228228195120845e+00, -6.2327715951595115e+00,
       -2.2921992348371141e+01, -5.1901587968747585e+00,
       4.1191698541743289e+00, -5.1059321881725088e+00,
       6.0978438365793075e+01, -8.9705685576171612e-01,
       -3.5921576514856657e+00, -5.1373583114960795e+00,
       5.0133493805319249e+00, -6.8474480527161177e+00,
       -3.6543890730303925e+00, -4.3880964176312061e+00,
       2.4948853280972031e+02, -5.5103135404918469e+00,
       -4.7946201406694851e+00, -7.7099555001903957e+00,
       -4.0784238708602416e+00, -2.2353699417618081e-01,
       -4.9599620856247979e+00, -8.2777921668676875e+00,
       2.2752980526059088e+00, -5.4201110165866417e+00,
       2.1307478006932516e+00, -5.7863028215626482e+00,
       3.4647218652403787e+01, -5.1760236135318172e+00,
       -2.8217217284847735e+00, -1.0494750217038298e+00,
       -4.7380307232808661e+01, -5.6173156233180652e+00,
       -6.1178530347386051e+00, -1.5051012552897193e+01,
       -1.5045962798436669e+01, -1.4768953214000394e+01,
       -1.4760570604007599e+01, -1.4942286736887452e+01,
       -1.4768538957617618e+01, -1.5042500039465617e+01,
       -1.5091576249427220e+01, -1.5007500442867995e+01,
       -1.0867212063857016e-03, -1.5065221596639280e+01,
       -1.4986976363022031e+01, -8.6085114092968382e+00,
       -1.5071742477687188e+01, -1.4907062723791324e+01,
       -5.0398210840560589e+00, -1.4819297352167309e+01,
       -1.5071365762561502e+01, -1.5090112713263396e+01,
       -1.5002155493963746e+01, -5.0790551682322244e-02,
       -5.2827856770008976e+00, -5.0942291698711917e-01,
       -1.4424167764586086e+01, -1.4668553613313914e+01,
       -9.8477085690136121e+00, -1.4711141151915372e+01,
       -2.3184247084943039e+00, -1.5007229073932967e+01,
       -1.4948064028158228e+01, -2.6763503221241831e-02,
       -1.5013862790688497e+01, -1.6684258829720911e-03,
       -1.9858220504290980e-01, -1.5047187599390227e+01,
       -1.4950217205838252e+01, -1.0330038794416197e+01,
       -3.2405905779687071e-02, -1.5008823255138607e+01,
       -1.5059897282234967e+01, -1.5643832674156871e-01,
       -1.5016065909119668e+01, -1.5060356279960208e+01,
       -1.5361289262143851e-01, -1.5008885448489666e+01,
       -1.5068536810963632e+01, -9.8478144237432677e+00,
       -1.5007483382287946e+01, -1.5086405348188171e+01,
       -7.8606334031582903e-03, -1.5082476083927856e+01,
       -1.8434605699459214e+00, -7.8512572301466119e-02,
       -2.4954593810355204e-02, -1.0664917427136242e-01,
       -1.6124603134904281e-01, -1.5050871312648047e+01,
       -7.8661670088165641e-03, -1.4760287111880690e+01,
       -6.1090643627870929e+00, -1.5060996310645439e+01,
       -5.5736647861069320e-02, -1.3792296660031827e+01,
       -1.5066198313518379e+01, -1.4828535036447017e+01,
       -1.4997982033696193e+01, -3.2216984837541546e-01,
       -4.6851598599564803e-01, -2.3272665170610463e-01,
       -3.2132143006253170e-03, -1.5050924578138202e+01,
       -3.5222280209889595e-01, -5.9806852654457936e+00,
       -1.5007239954890577e+01, -1.7683363713061828e-01,
       -1.5018885415788365e+01, -1.5060352554840385e+01,
