%YAML:1.0
---
points3D: !!opencv-matrix
   rows: 3
   cols: 176
   dt: d
   data: [ 5.4398491548402228e-01, 3.5057133640518380e+01,
       2.6998888451162223e-01, 3.5052032791497680e+01,
       4.0533876158083677e+00, 3.5057133640518380e+01,
       4.4178007669058921e+01, 2.5107707466296347e-01,
       3.5080263283061093e+01, 1.2046176575862022e+01,
       1.2088209726362648e-01, 4.2188402970226001e+01,
       2.1674716361625297e+01, 1.0869030732707579e+01,
       5.0592276363215287e+00, 3.2701939987240507e+01,
       2.2248827570073998e-01, 4.3214360147667051e+01,
       4.5176737036765999e+01, 2.1411115223084217e+01,
       4.0749441686352036e+01, -1.0651690238270674e-03,
       3.8673056303430747e-01, 1.6203523504872699e+01,
       6.9386249629803380e+00, 3.6626269013227116e+01,
       2.0095740692800153e+00, 2.0024056577439481e+01,
       6.5461922401621884e+00, 9.5290919933567675e-01,
       2.4819934652543236e+00, 6.4007768698736385e+00,
       5.0779885509034175e+00, 1.1205417128788918e+01,
       5.7727714044155777e-03, 1.5513583099161128e+00,
       1.5226403870658538e+00, 4.2997617286697204e-01,
       2.0471352252888222e+00, 3.6804165039448133e-01,
       3.3359514764242822e-02, 1.0592255950507653e+01,
       4.4971539447144806e+01, 4.5289580134725881e+01,
       4.0922858335408963e+00, 3.1919898424134242e+01,
       1.0110068990397149e+01, 3.3125214174211992e-02,
       7.8719710820847300e-01, 9.2690489206771176e-01,
       -1.0505679084880292e-03, 1.2336178013860148e+00,
       1.9615589090825068e+01, 5.6562046735074052e+00,
       3.3561799658394975e+01, 9.9796648169415771e+00,
       6.0656270947157628e-02, 1.0408046484977231e+01,
       -1.1459673388364842e-03, 3.7759796459486417e+01,
       9.1791379795151773e+00, 6.9253352038448641e+00,
       2.8545303395908491e-02, -1.1460259694976744e-03,
       8.8731985616465081e-01, 4.5147502834897153e+01,
       6.7422863735659737e+00, 2.0880633907169068e+00,
       -1.1461725773262764e-03, 3.0377056169340623e+01,
       3.4891854135806448e+00, 3.0769562152167460e+01,
       4.4929419361268302e+01, 2.5298063159336859e+01,
       -1.1460346309047358e-03, 2.4141205062428618e+01,
       1.6653263816534425e+00, 7.7395554731125790e-03,
       4.5258322878079490e+01, 7.1333892300173014e+00,
       5.8214865156997406e-03, 2.4724056671405464e+01,
       7.9757927661052390e+00, 2.1601668898896463e+01,
       5.7820937820908425e+00, -2.9078197112064746e-01,
       4.3255886782715471e+01, 3.5936283834281108e-01,
       -9.9604668237649621e+03, 1.0805489277436472e+06,
       -2.2701663209962357e+04, 4.0042771689429594e+05,
       -2.8877346780983341e+05, -9.3690110677878674e+03,
       -2.7688646552844471e+06, -1.4502231783405743e+04,
       5.7122183129970217e+04, -1.2621082219715057e+04,
       -2.7994777458736229e+02, 8.7127720562326758e+01,
       3.1247466155383091e+01, 4.9784875995962787e+00,
       -1.6715126415481012e+02, -3.4107957744530545e+01,
       -3.3572814195874576e+06, -9.6652379367135854e+03,
       -2.8662558262928845e+06, -5.1127107178144407e+05,
       -2.7943745444381586e+06, -8.7659284198252310e+04,
       1.4037487148926564e+04, 7.9109948213223324e+04,
       1.2926588909067743e+04, 1.7630641697009839e+01,
       -1.0337138710542115e+00, -5.4456238975052429e+01,
       -2.7994777458736229e+02, -2.7994777458736229e+02,
       -2.7994777458736229e+02, -2.7994777458736229e+02,
       -2.5880486690426972e+06, 2.0792006888977600e+01,
       -1.1844381374487717e+04, -1.7234275443652354e+06,
       -2.5880486690002470e+06, -2.5880486690234914e+06,
       -2.5880486689898944e+06, -2.5880486690180101e+06,
       -2.5880486690043691e+06, -2.5880486690186020e+06,
       1.2331080423943874e+00, -2.3532464415932111e+02,
       -9.7312386483735225e-01, -2.7994774939695628e+02,
       -2.7897335624662907e+02, -2.7994867593019609e+02,
       -1.9387902513437555e+06, -8.6392961643273593e+03,
       8.8957053151155069e+03, 3.7051090320752712e+05,
       -1.0035222523583583e+04, -8.4772701024585549e+04,
       -2.0051465044546551e+06, -9.1661732904285818e+03,
       -2.6482760849289424e+06, -2.0661815178015267e+06,
       -3.1952546325190575e+01, 5.9328313954932517e+00,
       5.0264297456694280e+01, -6.8810957025278379e+00,
       4.3695118247264440e+02, -1.8176717167689455e+03,
       1.7782223397021942e+04, 6.0932344530113414e+05,
       4.9980866937456848e+06, -1.1131392260467672e+04,
       1.1057380058226850e+04, 3.7041084047313855e+05,
       2.9272550236918945e+04, -1.9340312532426424e+07,
       4.9992080571735765e+04, 5.7895962591590974e+06,
       -4.3685805967981061e+01, -2.7043756176357315e+03,
       -1.0119822992467437e+03, -2.0264485537679889e+03,
       -5.5955295279944914e+02, -1.1730004625131241e+00,
       -1.0492587106216333e+04, -6.1404259797265576e+06,
       -5.6404110477415463e+06, 4.1600754194641177e+05,
       6.6508871642587986e+06, -1.0495930725796978e+04,
       -6.0091581517205657e+06, 7.9177105285379759e+04,
       3.7896572970147929e+01, 8.6999608281904202e+00,
       3.8128361611296576e+01, 8.7042759230442037e+00,
       3.4927771997868440e+01, 8.6999608281904202e+00,
       9.8410089525445021e-01, 3.8144360174089329e+01,
       8.6803941636799546e+00, 2.8166222622631771e+01,
       3.8254499422415932e+01, 2.6672193255791194e+00,
       2.0020899694897174e+01, 2.9162036446832879e+01,
       3.4076875396409420e+01, 1.0692351501142117e+01,
       3.8168545045819080e+01, 1.7993044904926099e+00,
       1.3921959462205277e-01, 2.0243894712388329e+01,
       3.8845175450860490e+00, 3.8357661468392479e+01,
       3.8029603264563761e+01, 2.4649289212906702e+01,
       3.2486987575849966e+01, 7.3725410311675921e+00,
       3.6656748738990387e+01, 2.1417285573252038e+01,
       3.2818968470760993e+01, 3.7550640936934599e+01,
       3.6257102622013683e+01, 3.2941983504817124e+01,
       3.4061004484403092e+01, 2.8877468289506382e+01,
       3.8351876870292671e+01, 3.7044379201515433e+01,
       3.7068673306398800e+01, 3.7993019372807446e+01,
       3.6624973646189389e+01, 3.8045413266080779e+01,
       3.8328539693712429e+01, 2.9396175789862653e+01,
       3.1280776776629787e-01, 4.3759276287166943e-02,
       3.4894865809412757e+01, 1.1353924410030075e+01,
       2.9804084838226061e+01, 3.8328737901749193e+01,
       3.7690826107821806e+01, 3.7572639441891994e+01,
       3.8357649116488425e+01, 3.7313173754665335e+01,
       2.1762831176010426e+01, 3.3571858970605085e+01,
       9.9649478812864203e+00, 2.9914401057253421e+01,
       3.8305447833582384e+01, 2.9552008929255859e+01,
       3.8357729820228002e+01, 6.4136264603267623e+00,
       3.0591611698559305e+01, 3.2498230129985785e+01,
       3.8332612305667084e+01, 3.8357729869826969e+01,
       3.7606126648437410e+01, 1.6395044894210567e-01,
       3.2653081422844359e+01, 3.6590350210895025e+01,
       3.8357729993850768e+01, 1.2659101380937949e+01,
       3.5405062348839294e+01, 1.2327058511268376e+01,
       3.4843952369299891e-01, 1.6955707006991116e+01,
       3.8357729877154156e+01, 1.7934358286473312e+01,
       3.6947967204638765e+01, 3.8350213057115901e+01,
       7.0201546338994794e-02, 3.2322225536631407e+01,
       3.8351835659442337e+01, 1.7441291354238590e+01,
       3.1609589042461490e+01, 2.0082694648879457e+01,
       3.3465362298699276e+01, 3.8602749193340998e+01,
       1.7641747761126498e+00, 3.8052755160943668e+01,
       -3.9597707861699955e+03, 5.0571206888151477e+05,
       -1.3213271245169071e+04, 2.9595556540465122e+05,
       -2.4280987375955153e+05, -8.0222689483384784e+03,
       -2.4348761037748419e+06, -1.2278047362333040e+04,
       5.3849448075354769e+04, -1.2222179345541179e+04,
       2.4345023687736639e+02, -7.5762965564096049e+01,
       -2.7393836955814365e+01, -4.3330146462564247e+00,
       1.4536085846666478e+02, 2.9657615251183714e+01,
       -2.0752041073941565e+06, -6.1115529156740058e+03,
       -2.2065454925535666e+06, -4.1646710297302349e+05,
