%YAML:1.0
---
pointsMass:
   - !!opencv-matrix
      rows: 2
      cols: 195
      dt: d
      data: [ -3.1966623663902283e-01, -2.2734665870666504e-01,
          -3.4251707792282104e-01, 4.4676166772842407e-01,
          -4.5505225658416748e-02, 2.7293241024017334e-01,
          4.1990780830383301e-01, -2.3516827821731567e-01,
          3.3591175079345703e-01, 1.0933971405029297e-01,
          4.2006438970565796e-01, 3.5408824682235718e-01,
          4.7151893377304077e-01, 4.1990780830383301e-01,
          4.5844918489456177e-01, 4.3893492221832275e-01,
          -2.4722528457641602e-01, 1.9447755813598633e-01,
          3.9101082086563110e-01, -3.6524838209152222e-01,
          -4.7953814268112183e-01, -3.1459623575210571e-01,
          -3.3803874254226685e-01, 4.6136140823364258e-01,
          4.6189200878143311e-01, 4.2819416522979736e-01,
          4.1736215353012085e-01, -3.3803874254226685e-01,
          -4.8870250582695007e-01, -1.8810236454010010e-01,
          -4.9626678228378296e-01, -4.5406502485275269e-01,
          4.6698063611984253e-01, 3.4966808557510376e-01,
          1.9447755813598633e-01, -3.9064604043960571e-01,
          -4.3203681707382202e-01, -2.0125582814216614e-01,
          -4.5371007919311523e-01, -3.9758676290512085e-01,
          -2.8853169083595276e-01, -4.7729954123497009e-01,
          9.9112153053283691e-02, 4.1399294137954712e-01,
          -2.3286002874374390e-01, 1.0633254051208496e-01,
          -2.3516827821731567e-01, -1.7008683085441589e-01,
          1.0633254051208496e-01, 4.2358875274658203e-01,
          -2.1085506677627563e-01, -1.3246414065361023e-01,
          -3.9928144216537476e-01, -4.6204996109008789e-01,
          4.7150772809982300e-01, 3.5269629955291748e-01,
          -4.8042106628417969e-01, 1.2348794937133789e-01,
          3.9331758022308350e-01, -7.5419127941131592e-02,
          4.8132926225662231e-01, 1.5357041358947754e-01,
          3.4009540081024170e-01, -3.5560572147369385e-01,
          -1.8538358807563782e-01, -4.8042106628417969e-01,
          3.1498408317565918e-01, 4.2711859941482544e-01,
          -4.7301793098449707e-01, -4.8911881446838379e-01,
          4.7615617513656616e-01, -1.4729517698287964e-01,
          -2.8572195768356323e-01, 3.6628526449203491e-01,
          -1.5085643529891968e-01, 4.2289102077484131e-01,
          3.8976579904556274e-01, 4.8040539026260376e-01,
          4.2006438970565796e-01, -4.4646406173706055e-01,
          -3.6808159947395325e-01, -1.9853198528289795e-01,
          3.9729470014572144e-01, 2.6987630128860474e-01,
          -2.1849381923675537e-01, -3.3808025717735291e-01,
          4.2426455020904541e-01, -1.3221353292465210e-01,
          4.2896342277526855e-01, -2.2437199950218201e-01,
          -3.5560572147369385e-01, 3.0602794885635376e-01,
          4.1903847455978394e-01, 2.7635306119918823e-01,
          9.2471539974212646e-02, 4.6107023954391479e-01,
          5.0507217645645142e-01, 4.2878985404968262e-01,
          4.6747797727584839e-01, 4.2426455020904541e-01,
          4.8680764436721802e-01, 3.1319022178649902e-01,
          4.6574902534484863e-01, 4.3345659971237183e-01,
          -1.5271005034446716e-01, 1.1181205511093140e-01,
          1.5998733043670654e-01, -1.1301428079605103e-01,
          4.0922892093658447e-01, 4.8680764436721802e-01,
          3.8682395219802856e-01, 4.4460397958755493e-01,
          -4.5067191123962402e-02, 9.3395769596099854e-02,
          -1.9234269857406616e-01, 5.0412970781326294e-01,
          4.1197568178176880e-01, 4.1482287645339966e-01,
          4.1903847455978394e-01, -3.9928144216537476e-01,
          4.1903847455978394e-01, -4.8507013916969299e-01,
          -4.7498351335525513e-01, 4.4951862096786499e-01,
          4.4805335998535156e-01, -2.7950996160507202e-01,
          -2.5185501575469971e-01, 5.0742989778518677e-01,
          4.9419981241226196e-01, 4.6067333221435547e-01,
          3.7665534019470215e-01, 4.3451637029647827e-01,
          -4.6413072943687439e-01, -1.8777987360954285e-01,
          1.7271167039871216e-01, 4.2515259981155396e-01,
          4.1318941116333008e-01, 3.3837056159973145e-01,
          -4.6179312467575073e-01, 4.9452775716781616e-01,
          4.0736651420593262e-01, -1.1301428079605103e-01,
          4.0794903039932251e-01, 4.8956161737442017e-01,
          -1.4089864492416382e-01, 4.1623604297637939e-01,
          4.8585695028305054e-01, 5.1034778356552124e-01,
          4.1399294137954712e-01, 9.3395769596099854e-02,
          4.4951862096786499e-01, -1.2369939684867859e-01,
          4.7258299589157104e-01, 4.8956161737442017e-01,
          3.6167508363723755e-01, -4.7773447632789612e-01,
          -4.6296516060829163e-01, 4.3168252706527710e-01,
          4.9396950006484985e-01, -4.0882942080497742e-01,
          4.2765057086944580e-01, 4.0794903039932251e-01,
          4.0950995683670044e-01, 4.1412991285324097e-01,
          -4.4412469863891602e-01, -4.3023574352264404e-01,
          3.5244244337081909e-01, 4.1259044408798218e-01,
          3.8039684295654297e-01, 4.8234969377517700e-01,
          -4.0391957759857178e-01, 4.2617779970169067e-01,
          4.3419933319091797e-01, 4.1456490755081177e-01,
          3.8966339826583862e-01, -2.9323866963386536e-01,
          4.2391186952590942e-01, 4.5144152641296387e-01,
          3.8107764720916748e-01, 4.1482472419738770e-01,
          5.1251298189163208e-01, 4.0922892093658447e-01,
          3.3324015140533447e-01, -1.8777987360954285e-01,
          -1.9443246722221375e-01, 4.6049702167510986e-01,
          4.8585695028305054e-01, 4.6260070800781250e-01,
          3.6423361301422119e-01, 4.1568773984909058e-01,
          4.8046642541885376e-01, -4.6296516060829163e-01,
          4.5289152860641479e-01, 4.4805335998535156e-01,
          4.4386911392211914e-01, -2.4161511659622192e-01,
          7.1349948644638062e-02, -2.7563381195068359e-01,
          2.5347355008125305e-01, 2.7111616730690002e-01,
          -3.8542747497558594e-01, 2.5046125054359436e-01,
          9.7189635038375854e-02, -2.2171595692634583e-01,
          -1.9532434642314911e-01, 3.0261930823326111e-01,
          -1.7941193282604218e-01, 2.9929134249687195e-01,
          2.5046125054359436e-01, 3.3870521187782288e-01,
          3.0553975701332092e-01, 2.9348701238632202e-02,
          -1.9974856078624725e-01, -2.0970456302165985e-01,
          -1.2087881565093994e-01, -1.6861055791378021e-01,
          1.5059849619865417e-01, 2.9978290200233459e-01,
          2.4239149689674377e-01, 3.2596424221992493e-01,
          2.7253994345664978e-01, -1.7243416607379913e-01,
          2.9978290200233459e-01, -1.8392534554004669e-01,
          1.1936679482460022e-01, 8.6388915777206421e-02,
          -5.4479271173477173e-02, -2.2544814646244049e-01,
          -1.4616388082504272e-01, -1.9974856078624725e-01,
          -3.2390686869621277e-01, 1.7347100377082825e-01,
          1.3830003142356873e-01, -1.3827288150787354e-01,
          -3.0625855922698975e-01, 2.2993472218513489e-01,
          -1.2400516867637634e-01, -3.0778107047080994e-01,
          3.2412371039390564e-01, -1.4010310173034668e-02,
          -2.5759980082511902e-01, 9.7189635038375854e-02,
          -2.8113555908203125e-01, -2.5759980082511902e-01,
          3.4408727288246155e-01, -3.0308008193969727e-01,
          -4.0967673063278198e-02, -2.5363555550575256e-01,
          -2.5334334373474121e-01, 2.6010319590568542e-01,
          -2.0377573370933533e-01, -1.4632093906402588e-01,
          -2.6625964045524597e-01, -1.9382642209529877e-01,
          2.6216873526573181e-01, 2.9647210240364075e-01,
          -2.0557101070880890e-01, -1.2890952825546265e-01,
          -1.1474549770355225e-01, 1.3460305333137512e-01,
          -1.4632093906402588e-01, -1.9780111312866211e-01,
          -2.5603467226028442e-01, 8.6102306842803955e-02,
          -1.4288026094436646e-01, 3.5567483305931091e-01,
          -2.8093844652175903e-01, 2.3277094960212708e-01,
