Rt[ 0 ]= 
 0  0  1  0
-1  0  0  0
 0 -1  0  2
 0  0  0  1
Rt[ 1 ]= 
  0.0004044  0.00110306    0.999999    0.999999
  -0.999999  0.00114639 0.000403135  0.00346539
-0.00114594   -0.999999  0.00110352     1.99885
          0           0           0           1
Rt[ 2 ]= 
  0.00072466 -0.000524774            1      1.99999
   -0.999995   0.00304006  0.000726252     0.019811
 -0.00304044    -0.999995 -0.000522569      1.99808
           0            0            0            1
Rt[ 3 ]= 
 0.000349267 -0.000673709            1      2.99998
   -0.999992   0.00389245  0.000351887    0.0365621
 -0.00389269    -0.999992 -0.000672344      1.99675
           0            0            0            1
Rt[ 4 ]= 
-0.000191511  0.000111639            1      3.99998
   -0.999994   0.00341295 -0.000191891    0.0371239
 -0.00341297    -0.999994  0.000110985      1.99656
           0            0            0            1
Rt[ 5 ]= 
  -0.004205 0.000467771    0.999991     4.99998
   -0.99998   0.0048088  -0.0042072   0.0704194
-0.00481072   -0.999988  0.00044754     1.99539
          0           0           0           1
Rt[ 6 ]= 
 -0.00476401 -0.000190114     0.999989      6.00003
    -0.99995   0.00878438  -0.00476215    0.0811356
 -0.00878337    -0.999961 -0.000231954      1.99194
           0            0            0            1
Rt[ 7 ]= 
-0.00377566  0.00109401    0.999992     6.99987
  -0.999964  0.00764597 -0.00378391    0.045291
-0.00765005    -0.99997  0.00106511     1.99257
          0           0           0           1
Rt[ 8 ]= 
-0.00432894 0.000696292     0.99999     7.99989
  -0.999976  0.00547764 -0.00433269   0.0513209
-0.00548061   -0.999985 0.000672562     1.99588
          0           0           0           1
Rt[ 9 ]= 
 -0.0050496 -0.00139619    0.999986     8.99991
  -0.999982  0.00331627 -0.00504495   0.0539077
-0.00330918   -0.999994 -0.00141291     1.99876
          0           0           0           1
