Rt[ 0 ]= 
 0  0  1  0
-1  0  0  0
 0 -1  0  2
 0  0  0  1
Rt[ 1 ]= 
 0.000394344 -0.000190974            1            1
          -1 -0.000711456  0.000394208    -0.393933
 0.000711381           -1 -0.000191255      2.00071
           0            0            0            1
Rt[ 2 ]= 
 0.000228186 -0.000126884            1      2.00009
          -1 -0.000372724  0.000228138    -0.615192
 0.000372695           -1 -0.000126969      2.00034
           0            0            0            1
Rt[ 3 ]= 
 0.000213548 -0.000125655            1      3.00015
          -1 -0.000352671  0.000213504    -0.909289
 0.000352644           -1  -0.00012573       2.0003
           0            0            0            1
Rt[ 4 ]= 
 0.000247821  2.01582e-05            1      4.00021
          -1 -0.000700568  0.000247835      -1.1741
 0.000700573           -1  1.99846e-05      2.00062
           0            0            0            1
Rt[ 5 ]= 
 0.000229311 -0.000163152            1      5.00012
          -1 -0.000834376  0.000229174    -0.814001
 0.000834338           -1 -0.000163343      2.00052
           0            0            0            1
Rt[ 6 ]= 
  0.00010672 -0.000107336            1      6.00019
          -1 -0.000574557  0.000106658     -1.13272
 0.000574546           -1 -0.000107397      2.00036
           0            0            0            1
Rt[ 7 ]= 
 0.000593424 -0.000346299            1      7.00022
          -1 -0.000795651  0.000593149     -1.37762
 0.000795446           -1 -0.000346771      2.00062
           0            0            0            1
Rt[ 8 ]= 
 0.000621175 -0.000346018            1      8.00007
   -0.999999 -0.000819506  0.000620891     -1.12568
 0.000819291           -1 -0.000346527      2.00009
           0            0            0            1
Rt[ 9 ]= 
 0.000459592 -0.000144424            1      9.00025
          -1 -0.000867995  0.000459466     -1.41263
 0.000867928           -1 -0.000144823      2.00003
           0            0            0            1
Rt[ 10 ]= 
 0.000482529 -0.000197028            1      10.0001
   -0.999999 -0.000949458  0.000482341     -1.08309
 0.000949362           -1 -0.000197486      1.99968
           0            0            0            1
Rt[ 11 ]= 
  0.00045693 -0.000199577            1      11.0002
   -0.999999 -0.000930956  0.000456744     -1.39432
 0.000930864           -1 -0.000200002      1.99976
           0            0            0            1
Rt[ 12 ]= 
 0.000490341 -0.000200278            1      12.0003
   -0.999999 -0.000969163  0.000490146     -1.57638
 0.000969065           -1 -0.000200753      1.99977
           0            0            0            1
Rt[ 13 ]= 
 0.000518806 -0.000202741            1      13.0004
   -0.999999  -0.00102232  0.000518598     -1.79934
  0.00102221    -0.999999 -0.000203271      1.99984
           0            0            0            1
Rt[ 14 ]= 
 0.000521776 -0.000202819            1      14.0006
   -0.999999  -0.00102126  0.000521569     -2.09393
  0.00102115    -0.999999 -0.000203352      1.99994
           0            0            0            1
Rt[ 15 ]= 
 0.000902978 -0.000954216     0.999999      15.0007
   -0.999998  -0.00200393  0.000901064     -2.30216
  0.00200307    -0.999998 -0.000956023      2.00093
           0            0            0            1
Rt[ 16 ]= 
 0.000777754 -0.000837625     0.999999      16.0005
   -0.999998  -0.00205075  0.000776035     -2.07375
   0.0020501    -0.999998 -0.000839218      1.99956
           0            0            0            1
Rt[ 17 ]= 
 0.000632283 -0.000632551            1      17.0007
   -0.999997  -0.00225492  0.000630856     -2.35325
  0.00225452    -0.999997 -0.000633975       1.9995
           0            0            0            1
Rt[ 18 ]= 
 0.000494728  -0.00061158            1       18.001
   -0.999998   -0.0018487  0.000493597     -2.76663
   0.0018484    -0.999998 -0.000612493       1.9994
           0            0            0            1
