Rt[ 0 ]= 
 0  0  1  0
-1  0  0  0
 0 -1  0  2
 0  0  0  1
Rt[ 1 ]= 
 3.85711e-05  -0.00234408     0.999997     0.999997
          -1  0.000420732  3.95575e-05    -0.042624
-0.000420824    -0.999997  -0.00234406      1.99958
           0            0            0            1
Rt[ 2 ]= 
-0.00127133 -0.00411413    0.999991     1.99999
  -0.999997  0.00226129 -0.00126203  -0.0165406
-0.00225608   -0.999989 -0.00411699     1.99541
          0           0           0           1
Rt[ 3 ]= 
  0.0031504 -0.00743087    0.999967     2.99999
  -0.999938   0.0106957  0.00322979   0.0554779
 -0.0107194   -0.999915 -0.00739671     1.98301
          0           0           0           1
Rt[ 4 ]= 
 0.00469941 -0.00791941    0.999958     3.99989
  -0.999861   0.0159748  0.00482547   0.0660078
 -0.0160123   -0.999841 -0.00784323     1.97041
          0           0           0           1
Rt[ 5 ]= 
 0.00661447 -0.00677166    0.999955     4.99987
  -0.999673   0.0246511  0.00677954   0.0416515
 -0.0246959   -0.999673 -0.00660639     1.95343
          0           0           0           1
Rt[ 6 ]= 
0.00504657 -0.0108765   0.999928    5.99892
 -0.999493  0.0313808 0.00538571   0.173707
-0.0314372  -0.999448 -0.0107126    1.94316
         0          0          0          1
Rt[ 7 ]= 
 0.0094462 -0.0134906   0.999864    6.99878
 -0.999317  0.0356087 0.00992147   0.182203
-0.0357378  -0.999275  -0.013145    1.92829
         0          0          0          1
Rt[ 8 ]= 
 0.0106466   -0.01303   0.999858     7.9992
 -0.999285  0.0361414  0.0111115   0.132578
-0.0362811  -0.999262 -0.0126359    1.91249
         0          0          0          1
Rt[ 9 ]= 
0.00960556 -0.0126376   0.999874     9.0017
 -0.999291  0.0362873  0.0100586   -0.10452
-0.0364098  -0.999261 -0.0122801     1.8907
         0          0          0          1
Rt[ 10 ]= 
0.00925491 -0.0138157   0.999862     10.001
 -0.999281  0.0366338 0.00975573 -0.0307064
-0.0367635  -0.999233 -0.0134667    1.88038
         0          0          0          1
Rt[ 11 ]= 
 0.0101082 -0.0142769   0.999847    11.0006
 -0.999203  0.0384628  0.0106509 0.00477496
-0.0386089  -0.999158 -0.0138767    1.86603
         0          0          0          1
Rt[ 12 ]= 
0.00894391 -0.0127983   0.999878    12.0002
 -0.999184  0.0392723 0.00944038  0.0381461
-0.0393884  -0.999147 -0.0124366    1.85223
         0          0          0          1
Rt[ 13 ]= 
0.00859305 -0.0110287   0.999902    13.0004
 -0.999345  0.0350454  0.0089748 0.00949477
-0.0351409  -0.999325 -0.0107203    1.84254
         0          0          0          1
Rt[ 14 ]= 
0.00483359 -0.0104617   0.999934    14.0009
 -0.999346   0.035782 0.00520512 -0.0538201
-0.0358341  -0.999305 -0.0102819    1.82854
         0          0          0          1
Rt[ 15 ]= 
 0.00731411  -0.0100244    0.999923     15.0012
   -0.99938   0.0343693   0.0076547   -0.106936
 -0.0344434   -0.999359 -0.00976684     1.81759
          0           0           0           1
Rt[ 16 ]= 
  0.0139382 -0.00954227    0.999857     16.0017
  -0.999247   0.0360704   0.0142739   -0.182653
 -0.0362014   -0.999304 -0.00903233     1.80325
          0           0           0           1
Rt[ 17 ]= 
  0.0151038 -0.00932545    0.999842      17.002
  -0.999243   0.0357257    0.015428   -0.201017
 -0.0358639   -0.999318 -0.00877879     1.79339
          0           0           0           1
Rt[ 18 ]= 
   0.014835 -0.00909174    0.999849      18.002
  -0.999196   0.0371158   0.0151628   -0.197494
  -0.037248    -0.99927 -0.00853381     1.78279
          0           0           0           1
Rt[ 19 ]= 
  0.0149111 -0.00909563    0.999847     19.0022
  -0.999301   0.0341483   0.0152136   -0.202664
 -0.0342815   -0.999375 -0.00858009     1.77647
          0           0           0           1
Rt[ 20 ]= 
  0.0152629 -0.00992031    0.999834     20.0016
  -0.999232   0.0359441   0.0156103   -0.161795
  -0.036093   -0.999305 -0.00936408     1.76696
          0           0           0           1
Rt[ 21 ]= 
  0.0137356 -0.00455905    0.999895     20.9997
  -0.999356   0.0330998   0.0138791  -0.0275521
 -0.0331596   -0.999442 -0.00410146      1.7648
          0           0           0           1
Rt[ 22 ]= 
  0.0144647  -0.0091207    0.999854          22
  -0.999264   0.0353881    0.014779  -0.0489242
 -0.0355177   -0.999332 -0.00860212     1.75718
          0           0           0           1
Rt[ 23 ]= 
   0.014282  -0.0101545    0.999846     22.9992
  -0.999255   0.0356986   0.0146361  0.00856696
 -0.0358417   -0.999311 -0.00963706     1.74977
          0           0           0           1
Rt[ 24 ]= 
  0.0142401 -0.00970193    0.999852     23.9985
  -0.999031   0.0415153   0.0146312   0.0616443
 -0.0416511   -0.999091 -0.00910134     1.73569
          0           0           0           1
Rt[ 25 ]= 
 0.0245041 -0.0122106   0.999625    24.9984
 -0.998983  0.0375674  0.0249473  0.0699904
 -0.037858  -0.999219 -0.0112776    1.73022
         0          0          0          1
Rt[ 26 ]= 
 0.0216254 -0.0160529   0.999637    25.9967
 -0.998875  0.0418593  0.0222811   0.146769
-0.0422018  -0.998995 -0.0151296    1.71652
         0          0          0          1
Rt[ 27 ]= 
 0.0211301 -0.0175285   0.999623    26.9959
 -0.998743  0.0450851   0.021902    0.18729
 -0.045452  -0.998829 -0.0165538     1.6989
         0          0          0          1
Rt[ 28 ]= 
 0.0224317 -0.0172688   0.999599    27.9951
 -0.998478  0.0500017  0.0232704    0.22649
-0.0503835    -0.9986 -0.0161209    1.67821
         0          0          0          1
Rt[ 29 ]= 
 0.0255285 -0.0193186   0.999487    28.9961
   -0.9981  0.0555969  0.0265676   0.182002
-0.0560816  -0.998266 -0.0178626    1.65301
         0          0          0          1
Rt[ 30 ]= 
 0.0255853 -0.0179185   0.999512    29.9963
 -0.998014  0.0571218  0.0265709   0.178613
  -0.05757  -0.998206 -0.0164215    1.63197
         0          0          0          1
Rt[ 31 ]= 
 0.0243964 -0.0180532   0.999539    30.9951
 -0.998053  0.0569624   0.025389   0.232035
-0.0573945  -0.998213 -0.0166284    1.61726
         0          0          0          1
Rt[ 32 ]= 
 0.0179779 -0.0182362   0.999672    31.9938
 -0.997935  0.0613348  0.0190656   0.291757
-0.0616624  -0.997951 -0.0170958    1.59822
         0          0          0          1
Rt[ 33 ]= 
 0.0131682 -0.0188299   0.999736    32.9922
 -0.997987  0.0617882   0.014309   0.377766
-0.0620413  -0.997912 -0.0179783    1.58479
         0          0          0          1
Rt[ 34 ]= 
0.00635022 -0.0196339   0.999787    33.9909
 -0.997985  0.0630005 0.00757598   0.472873
-0.0631358   -0.99782 -0.0191942    1.57061
         0          0          0          1
Rt[ 35 ]= 
0.00619606 -0.0199613   0.999782    34.9908
 -0.997983  0.0630486 0.00744373    0.45466
-0.0631834  -0.997811 -0.0195304    1.54974
         0          0          0          1
Rt[ 36 ]= 
0.00790001 -0.0215927   0.999736    35.9909
 -0.998132  0.0603908 0.00919168   0.422388
-0.0605733  -0.997941 -0.0210752    1.53035
         0          0          0          1
Rt[ 37 ]= 
0.00374491 -0.0224697   0.999741    36.9907
 -0.998148  0.0606188 0.00510139   0.420137
-0.0607176  -0.997908 -0.0222011    1.50834
         0          0          0          1
Rt[ 38 ]= 
0.00353705 -0.0216255    0.99976    37.9904
 -0.998169  0.0602984 0.00483571   0.432569
-0.0603885  -0.997946 -0.0213726    1.48691
         0          0          0          1
Rt[ 39 ]= 
0.00465748 -0.0207997   0.999773    38.9901
 -0.997972  0.0633729 0.00596753   0.440832
-0.0634826  -0.997773 -0.0204624    1.46267
         0          0          0          1
Rt[ 40 ]= 
 -0.00201078   -0.0186408     0.999824      39.9893
   -0.997764    0.0668282 -0.000760687     0.553492
  -0.0668023     -0.99759   -0.0187335      1.44552
           0            0            0            1
Rt[ 41 ]= 
0.00785939 -0.0127156   0.999888    40.9891
 -0.998545  0.0532539 0.00852606   0.492178
-0.0533563    -0.9985 -0.0122786    1.43641
         0          0          0          1
Rt[ 42 ]= 
 0.0082387 -0.0117622   0.999897    41.9887
 -0.998356  0.0566191 0.00889205    0.54274
-0.0567179  -0.998327 -0.0112764    1.42302
         0          0          0          1
Rt[ 43 ]= 
 0.0121072 -0.0120148   0.999855    42.9889
 -0.997802  0.0650076  0.0128635   0.491258
-0.0651527  -0.997812 -0.0112013    1.39989
         0          0          0          1
Rt[ 44 ]= 
0.00325514 -0.0114815   0.999929    43.9951
 -0.998104  0.0614242  0.0039545 -0.0121237
-0.0614652  -0.998046 -0.0112598    1.35858
         0          0          0          1
Rt[ 45 ]= 
0.00156124 -0.0113825   0.999934    44.9951
 -0.998131  0.0610625 0.00225352 -0.0498904
-0.0610841  -0.998069 -0.0112659    1.34511
         0          0          0          1
Rt[ 46 ]= 
0.00145825 -0.0144078   0.999895     45.995
 -0.998539  0.0539806  0.0022341  0.0492163
-0.0540072  -0.998438  -0.014308    1.34688
         0          0          0          1
Rt[ 47 ]= 
0.000705593  -0.0134587    0.999909     46.9948
  -0.998251   0.0590991   0.0014999   0.0440404
 -0.0591139   -0.998161  -0.0133935     1.32704
          0           0           0           1
Rt[ 48 ]= 
0.00576728 -0.0133839   0.999894    47.9947
  -0.99812  0.0609296 0.00657262 -0.0147381
-0.0610111  -0.998052 -0.0130073    1.30824
         0          0          0          1
Rt[ 49 ]= 
0.00555425 -0.0136294   0.999892    48.9945
 -0.998137  0.0606858  0.0063717 0.00581709
-0.0607661  -0.998064 -0.0132669    1.29633
         0          0          0          1
Rt[ 50 ]= 
 0.00538548  -0.0144337    0.999881     49.9945
   -0.99804   0.0622667  0.00627441 -0.00428648
 -0.0623498   -0.997955    -0.01407     1.28046
          0           0           0           1
Rt[ 51 ]= 
0.00902548 -0.0145443   0.999853    50.9938
 -0.998055  0.0615543 0.00990463   0.101316
-0.0616894  -0.997998 -0.0139604    1.27331
         0          0          0          1
Rt[ 52 ]= 
0.00883716 -0.0139862   0.999863    51.9935
 -0.997966  0.0630005 0.00970166   0.127389
-0.0631276  -0.997915  -0.013401    1.25891
         0          0          0          1
Rt[ 53 ]= 
0.00847281 -0.0137876   0.999869    52.9933
 -0.998026  0.0621013 0.00931353     0.1443
-0.0622215  -0.997975 -0.0132342    1.24687
         0          0          0          1
Rt[ 54 ]= 
0.00712769 -0.0120667   0.999902    53.9927
 -0.997804  0.0657613 0.00790633   0.208219
-0.0658502  -0.997762 -0.0115715    1.23338
         0          0          0          1
Rt[ 55 ]= 
 0.0103336 -0.0109935   0.999886    54.9932
 -0.997777  0.0657232  0.0110344   0.131035
 -0.065837  -0.997777 -0.0102899    1.21624
         0          0          0          1
Rt[ 56 ]= 
0.00159173 -0.0129076   0.999915    55.9921
 -0.997615  0.0689744 0.00247844   0.235049
-0.0690006  -0.997535 -0.0127671    1.20881
         0          0          0          1
Rt[ 57 ]= 
0.00194563 -0.0129667   0.999914    56.9921
 -0.997664  0.0682465 0.00282626   0.167843
-0.0682772  -0.997584 -0.0128036    1.19196
         0          0          0          1
Rt[ 58 ]= 
0.000691692  -0.0129325    0.999916     57.9918
  -0.997593   0.0693254  0.00158671    0.278365
 -0.0693401    -0.99751  -0.0128535     1.18544
          0           0           0           1
Rt[ 59 ]= 
0.00085283 -0.0113473   0.999935    58.9917
  -0.99758  0.0695144 0.00163967   0.249967
-0.0695285  -0.997516 -0.0112606    1.17032
         0          0          0          1
Rt[ 60 ]= 
0.000188492  -0.0113696    0.999935     59.9916
  -0.997411   0.0719087  0.00100564    0.265362
 -0.0719155   -0.997346  -0.0113266     1.15761
          0           0           0           1
Rt[ 61 ]= 
 -0.0024665 -0.00525235    0.999983     60.9916
  -0.998209   0.0597902 -0.00214808    0.505605
 -0.0597779   -0.998197 -0.00539042      1.1757
          0           0           0           1
Rt[ 62 ]= 
 -0.00428588 -9.73702e-05     0.999991      61.9921
   -0.998277    0.0585206  -0.00427283      0.74022
  -0.0585196    -0.998286 -0.000348015      1.18574
           0            0            0            1
Rt[ 63 ]= 
-0.00781143  0.00390909    0.999962     62.9927
  -0.998141   0.0604072 -0.00803336    0.871409
 -0.0604363   -0.998166  0.00342996     1.19141
          0           0           0           1
Rt[ 64 ]= 
-0.00618637  0.00344088    0.999975     63.9923
  -0.998295   0.0580183 -0.00637562    0.813082
 -0.0580388    -0.99831  0.00307609     1.19419
          0           0           0           1
Rt[ 65 ]= 
 -0.0065035  -0.0012699    0.999978     64.9921
  -0.997905   0.0643748 -0.00640826    0.783648
 -0.0643653   -0.997925  -0.0016859     1.18958
          0           0           0           1
Rt[ 66 ]= 
-0.00627014 -0.00197097    0.999978     65.9919
  -0.997824   0.0656555 -0.00612722    0.761898
  -0.065642    -0.99784 -0.00237835     1.18562
          0           0           0           1
Rt[ 67 ]= 
-0.00597338 -0.00305843    0.999977     66.9918
  -0.997708   0.0674285 -0.00575359    0.734795
 -0.0674094   -0.997719 -0.00345419     1.18009
          0           0           0           1
Rt[ 68 ]= 
 -0.0031107 -0.00237012    0.999992     67.9915
  -0.997725   0.0673471 -0.00294402    0.687069
 -0.0673396   -0.997727 -0.00257423     1.17388
          0           0           0           1
Rt[ 69 ]= 
-0.00308096  -0.0035118    0.999989     68.9904
  -0.997951   0.0639184 -0.00285021    0.336305
 -0.0639077   -0.997949 -0.00370154     1.15128
          0           0           0           1
Rt[ 70 ]= 
-0.00267839 -0.00330018    0.999991     69.9905
  -0.997879    0.065047 -0.00245807    0.350487
 -0.0650383   -0.997877  -0.0034674     1.14753
          0           0           0           1
Rt[ 71 ]= 
-0.00241913 0.000386233    0.999997     70.9907
  -0.997259   0.0739525 -0.00244107    0.482816
 -0.0739533   -0.997262 0.000206273     1.14389
          0           0           0           1
Rt[ 72 ]= 
 0.00327051 0.000901372    0.999994     71.9911
  -0.997098   0.0760561  0.00319248    0.618763
 -0.0760528   -0.997103   0.0011475     1.15225
          0           0           0           1
Rt[ 73 ]= 
0.00794564 0.00230299   0.999966    72.9915
 -0.997132  0.0752777 0.00774976   0.475426
-0.0752572   -0.99716 0.00289452    1.14301
         0          0          0          1
