Rt[ 0 ]= 
 0  0  1  0
-1  0  0  0
 0 -1  0  2
 0  0  0  1
Rt[ 1 ]= 
0.000460212   0.0027406    0.999996    0.999995
  -0.999999  0.00130433 0.000456638    0.035407
-0.00130308   -0.999995   0.0027412      1.9987
          0           0           0           1
Rt[ 2 ]= 
-0.000499727   0.00139312     0.999999      1.99995
   -0.999998   0.00174396 -0.000502156     0.125423
 -0.00174466    -0.999998   0.00139224      2.00112
           0            0            0            1
Rt[ 3 ]= 
 -0.0109165   0.0083916    0.999905     2.99986
    -0.9999 -0.00903006  -0.0108407    0.143476
 0.00893823   -0.999924  0.00848934     2.01324
          0           0           0           1
Rt[ 4 ]= 
-0.0237091  0.0112012   0.999656    4.00137
 -0.999595 -0.0160017 -0.0235284   0.287169
 0.0157327  -0.999809  0.0115761    2.02725
         0          0          0          1
Rt[ 5 ]= 
-0.0188513 0.00993057   0.999773    5.00282
 -0.999675 -0.0173371 -0.0186772   0.340018
 0.0171477    -0.9998  0.0102542    2.03898
         0          0          0          1
Rt[ 6 ]= 
-0.0124778  0.0148563   0.999812    5.99791
 -0.999775 -0.0173496 -0.0122195  0.0739196
 0.0171648  -0.999739  0.0150694    2.05343
         0          0          0          1
Rt[ 7 ]= 
-0.0147482  0.0149077    0.99978    6.99916
 -0.999687 -0.0204135 -0.0144425    0.18114
 0.0201937   -0.99968  0.0152041    2.06951
         0          0          0          1
Rt[ 8 ]= 
-0.0140085  0.0124712   0.999824    8.00142
 -0.999827 -0.0124193 -0.0138536   0.328708
 0.0122443  -0.999845   0.012643    2.07348
         0          0          0          1
Rt[ 9 ]= 
-0.00352349  0.00397167    0.999986      9.0006
  -0.999614  -0.0275557 -0.00341274    0.293303
  0.0275418   -0.999612  0.00406723     2.10156
          0           0           0           1
Rt[ 10 ]= 
-0.00160014 0.000381345    0.999999     10.0002
   -0.99948  -0.0322095 -0.00158703    0.181509
  0.0322088   -0.999481 0.000432686     2.11327
          0           0           0           1
Rt[ 11 ]= 
 0.00136676 -0.00229594    0.999996          11
   -0.99941  -0.0343185  0.00128716    0.093366
  0.0343155   -0.999408  -0.0023415      2.1186
          0           0           0           1
Rt[ 12 ]= 
 0.00430186 -0.00683996    0.999967     12.0001
  -0.999333    -0.03628  0.00405097   0.0310815
  0.0362511   -0.999318 -0.00699147     2.12039
          0           0           0           1
