Rt[ 0 ]= 
 0  0  1  0
-1  0  0  0
 0 -1  0  2
 0  0  0  1
Rt[ 1 ]= 
 0.00126795 -0.00272412    0.999995    0.999995
  -0.999998 -0.00182205  0.00126299 -0.00856813
  0.0018186   -0.999995 -0.00272642     2.00182
          0           0           0           1
Rt[ 2 ]= 
 0.00140908 -0.00243349    0.999996     1.99999
  -0.999997 -0.00174145  0.00140484  -0.0051594
 0.00173803   -0.999996 -0.00243593     1.99901
          0           0           0           1
Rt[ 3 ]= 
0.000672833 -0.00234814    0.999997     2.99996
  -0.999999 -0.00105949 0.000670347   0.0133918
 0.00105792   -0.999997 -0.00234885     1.99586
          0           0           0           1
Rt[ 4 ]= 
 0.000391278  -0.00238301     0.999997      3.99996
          -1 -0.000752831  0.000389485   0.00355099
 0.000751901    -0.999997   -0.0023833      1.99322
           0            0            0            1
Rt[ 5 ]= 
-0.000375772  -0.00430241     0.999991      4.99996
          -1  0.000360538 -0.000374224   -0.0066409
-0.000358925    -0.999991  -0.00430255      1.98973
           0            0            0            1
Rt[ 6 ]= 
 0.00208799 -0.00497623    0.999985     5.99997
  -0.999997 -0.00100654    0.002083   0.0284572
0.000996165   -0.999987 -0.00497832      1.9868
          0           0           0           1
Rt[ 7 ]= 
  0.00195746  -0.00491868     0.999986      6.99995
   -0.999998 -0.000191244   0.00195655    0.0285867
 0.000181618    -0.999988  -0.00491905      1.98101
           0            0            0            1
Rt[ 8 ]= 
0.000437773 -0.00552211    0.999985     7.99982
  -0.999996 -0.00279869 0.000422323   0.0948321
 0.00279631   -0.999981 -0.00552332     1.97869
          0           0           0           1
Rt[ 9 ]= 
  0.00219024  -0.00675399     0.999975      8.99983
   -0.999997  0.000536635   0.00219391   -0.0190361
-0.000551439    -0.999977   -0.0067528      1.97015
           0            0            0            1
Rt[ 10 ]= 
  0.00156068  -0.00711359     0.999973      9.99982
   -0.999999 -4.93678e-06   0.00156068   -0.0204101
 -6.1654e-06    -0.999975  -0.00711358      1.96393
           0            0            0            1
Rt[ 11 ]= 
0.000216744 -0.00640052    0.999979     10.9997
  -0.999999   0.0015593 0.000226729   0.0145931
-0.00156072   -0.999978 -0.00640018     1.95526
          0           0           0           1
Rt[ 12 ]= 
   0.0016667  -0.00773079     0.999969      11.9997
   -0.999999 -0.000279022   0.00166459   -0.0269224
 0.000266144     -0.99997  -0.00773125      1.95063
           0            0            0            1
Rt[ 13 ]= 
 0.00314581 -0.00990299    0.999946     12.9998
  -0.999993 -0.00182089  0.00312793  -0.0582439
 0.00178982   -0.999949 -0.00990865     1.94444
          0           0           0           1
Rt[ 14 ]= 
  0.00450226    -0.010288     0.999937      13.9998
    -0.99999  0.000264114   0.00450521   -0.0958104
-0.000310447    -0.999947   -0.0102867      1.93252
           0            0            0            1
Rt[ 15 ]= 
 0.00306318 -0.00952882     0.99995     14.9995
  -0.999994  0.00153839  0.00307797  -0.0491462
-0.00156764   -0.999953 -0.00952405     1.92097
          0           0           0           1
Rt[ 16 ]= 
-0.000938617   -0.0114371     0.999934      15.9993
   -0.999997   0.00233127 -0.000912011   0.00715352
 -0.00232068    -0.999932   -0.0114393      1.91074
           0            0            0            1
Rt[ 17 ]= 
-0.00121505  -0.0122292    0.999924     16.9993
  -0.999996    0.002536 -0.00118412   0.0425473
-0.00252133   -0.999922  -0.0122323     1.89918
          0           0           0           1
Rt[ 18 ]= 
-0.00388169  -0.0126582    0.999912     17.9993
  -0.999989  0.00259131 -0.00384918   0.0887701
-0.00254236   -0.999917  -0.0126681     1.88701
          0           0           0           1
Rt[ 19 ]= 
-0.00246197    -0.01358    0.999905     18.9991
  -0.999996  0.00115023 -0.00244657   0.0717159
 -0.0011169   -0.999907  -0.0135827     1.87576
          0           0           0           1
Rt[ 20 ]= 
 -0.00164471   -0.0144927     0.999894      19.9992
   -0.999999  0.000110005  -0.00164329     0.121618
-8.61778e-05    -0.999895   -0.0144928      1.86327
           0            0            0            1
Rt[ 21 ]= 
  0.00158074   -0.0185222     0.999827      20.9989
   -0.999999  0.000539277     0.001591    0.0450031
-0.000568652    -0.999828   -0.0185213      1.84834
           0            0            0            1
Rt[ 22 ]= 
 0.00120019  -0.0190729    0.999817     21.9987
  -0.999997  0.00221614  0.00124268   0.0735342
-0.00223944   -0.999816  -0.0190702     1.82816
          0           0           0           1
Rt[ 23 ]= 
0.00145073 -0.0206956   0.999785    22.9985
 -0.999997 0.00197125 0.00149184  0.0719949
-0.0020017  -0.999784 -0.0206927    1.80932
         0          0          0          1
Rt[ 24 ]= 
  0.00220959   -0.0201114     0.999795      23.9984
   -0.999997  0.000771062   0.00222555    0.0284609
-0.000815663    -0.999797   -0.0201096      1.78974
           0            0            0            1
Rt[ 25 ]= 
 0.00279384  -0.0217584    0.999759     24.9981
  -0.999996 -0.00075534  0.00277807    0.072437
0.000694712   -0.999763  -0.0217604     1.77119
          0           0           0           1
Rt[ 26 ]= 
0.000717892  -0.0219014     0.99976     25.9974
  -0.999997  0.00242506 0.000771187    0.222042
-0.00244137   -0.999757  -0.0218996     1.74614
          0           0           0           1
Rt[ 27 ]= 
 0.00220013  -0.0214705    0.999767     26.9972
  -0.999996  0.00196053  0.00224274    0.173823
-0.00200822   -0.999768  -0.0214661     1.72459
          0           0           0           1
Rt[ 28 ]= 
 0.00400977  -0.0231367    0.999724     27.9971
   -0.99999 -0.00215002  0.00396108    0.134773
 0.00205778    -0.99973   -0.023145     1.70714
          0           0           0           1
Rt[ 29 ]= 
  0.0040618  -0.0218999    0.999752     28.9968
  -0.999991 -0.00134143  0.00403339    0.153793
 0.00125277   -0.999759  -0.0219052     1.68316
          0           0           0           1
Rt[ 30 ]= 
  0.00335254   -0.0210946     0.999772      29.9964
   -0.999994 -0.000621182   0.00334018     0.184761
  0.00055058    -0.999777   -0.0210965      1.66051
           0            0            0            1
Rt[ 31 ]= 
 0.000387063    -0.018809     0.999823       30.996
          -1 -0.000337064  0.000380791     0.229155
 0.000329842    -0.999823   -0.0188092      1.63911
           0            0            0            1
Rt[ 32 ]= 
0.000628671  -0.0186755    0.999825     31.9959
  -0.999999 -0.00111207 0.000608008    0.193781
 0.00110052   -0.999825  -0.0186762     1.62108
          0           0           0           1
Rt[ 33 ]= 
 0.00132186  -0.0179992    0.999837     32.9957
  -0.999997 -0.00204755  0.00128521    0.192794
 0.00202408   -0.999836  -0.0180018     1.60335
          0           0           0           1
Rt[ 34 ]= 
 0.00134153  -0.0176387    0.999844     33.9955
  -0.999998 -0.00122262  0.00132017     0.22304
 0.00119914   -0.999844  -0.0176403     1.58446
          0           0           0           1
Rt[ 35 ]= 
   0.0030397   -0.0183275     0.999827      34.9954
   -0.999995 -0.000123082   0.00303796     0.182809
 6.73828e-05    -0.999832   -0.0183278      1.56577
           0            0            0            1
Rt[ 36 ]= 
  0.00472754   -0.0183534      0.99982      35.9952
   -0.999989 -0.000158267   0.00472543     0.186868
 7.15115e-05    -0.999832   -0.0183539      1.54748
           0            0            0            1
Rt[ 37 ]= 
  0.00448723   -0.0173784     0.999839       36.995
    -0.99999  5.50274e-05   0.00448887     0.198852
-0.000133028    -0.999849    -0.017378      1.52891
           0            0            0            1
Rt[ 38 ]= 
 0.00264598  -0.0197385    0.999802     37.9948
  -0.999994  0.00221282  0.00269017    0.206048
-0.00226548   -0.999803  -0.0197325     1.50937
          0           0           0           1
Rt[ 39 ]= 
 0.00218038  -0.0198773      0.9998     38.9945
   -0.99999  0.00377288  0.00225581    0.220422
-0.00381696   -0.999795  -0.0198689     1.48811
          0           0           0           1
Rt[ 40 ]= 
  0.0035926  -0.0209084    0.999775     39.9944
  -0.999982  0.00479679  0.00369366    0.198183
-0.00487294    -0.99977  -0.0208908     1.46712
          0           0           0           1
Rt[ 41 ]= 
 0.00538778  -0.0210215    0.999765     40.9941
  -0.999984  0.00133289  0.00541699    0.226204
-0.00144645   -0.999778   -0.021014     1.44981
          0           0           0           1
Rt[ 42 ]= 
 0.00439286  -0.0202979    0.999784     41.9936
  -0.999983  0.00376277  0.00447012     0.26857
-0.00385269   -0.999787   -0.020281     1.42642
          0           0           0           1
Rt[ 43 ]= 
  0.0044369  -0.0223905    0.999739     42.9935
  -0.999984    0.003269   0.0045112    0.241829
-0.00336916   -0.999744  -0.0223757      1.4065
          0           0           0           1
Rt[ 44 ]= 
 0.00370624  -0.0233774     0.99972     43.9932
  -0.999986  0.00359449  0.00379128    0.259798
-0.00368211    -0.99972  -0.0233637     1.38384
          0           0           0           1
Rt[ 45 ]= 
 0.00245356  -0.0231189     0.99973     44.9926
  -0.999964  0.00811086  0.00264169    0.311959
-0.00816974     -0.9997  -0.0230981     1.35614
          0           0           0           1
Rt[ 46 ]= 
 0.00218016  -0.0222573     0.99975     45.9925
  -0.999973  0.00702011  0.00233693    0.275207
-0.00707037   -0.999728  -0.0222414     1.33382
          0           0           0           1
Rt[ 47 ]= 
0.00234999   -0.02221   0.999751    46.9923
 -0.999976 0.00639484 0.00249258   0.242027
-0.0064486  -0.999733 -0.0221944    1.31195
         0          0          0          1
Rt[ 48 ]= 
 0.00193465  -0.0218336     0.99976     47.9921
  -0.999981  0.00584442  0.00206271    0.241407
-0.00588805   -0.999745  -0.0218219     1.29028
          0           0           0           1
Rt[ 49 ]= 
 0.00235752  -0.0210441    0.999776     48.9918
  -0.999989  0.00388382  0.00243978    0.279331
-0.00393429   -0.999771  -0.0210348     1.27064
          0           0           0           1
Rt[ 50 ]= 
0.000899125  -0.0212278    0.999774     49.9915
  -0.999988   0.0047207  0.00099955    0.301483
-0.00474085   -0.999764  -0.0212233     1.24884
          0           0           0           1
Rt[ 51 ]= 
0.000189597  -0.0210206    0.999779     50.9914
  -0.999996  0.00271567 0.000246735    0.301187
-0.00272025   -0.999775    -0.02102     1.22962
          0           0           0           1
Rt[ 52 ]= 
-0.00150712  -0.0197374    0.999804     51.9911
  -0.999988  0.00475265 -0.00141358    0.356506
-0.00472382   -0.999794  -0.0197444     1.20671
          0           0           0           1
Rt[ 53 ]= 
0.000304192  -0.0199166    0.999802     52.9908
  -0.999989  0.00471569 0.000398188    0.282564
-0.00472268   -0.999791  -0.0199149     1.18666
          0           0           0           1
Rt[ 54 ]= 
-6.85995e-05   -0.0195268     0.999809      53.9906
    -0.99999   0.00451695  1.96064e-05     0.291048
 -0.00451647    -0.999799   -0.0195269      1.16698
           0            0            0            1
Rt[ 55 ]= 
-0.000502232    -0.020018     0.999799      54.9904
   -0.999991    0.0041393 -0.000419451     0.307416
 -0.00413008    -0.999791   -0.0200199      1.14791
           0            0            0            1
Rt[ 56 ]= 
-0.000551431   -0.0205039      0.99979      55.9902
   -0.999994   0.00351296 -0.000479499     0.320057
 -0.00350239    -0.999784   -0.0205057      1.12857
           0            0            0            1
Rt[ 57 ]= 
 -0.00100856   -0.0211694     0.999775        56.99
   -0.999988   0.00475977 -0.000907995     0.339274
 -0.00473948    -0.999765   -0.0211739      1.10688
           0            0            0            1
Rt[ 58 ]= 
   -0.000797   -0.0216489     0.999765      57.9898
   -0.999989    0.0047186 -0.000695001       0.3715
 -0.00470244    -0.999754   -0.0216524      1.08591
           0            0            0            1
Rt[ 59 ]= 
-0.00107095  -0.0208134    0.999783     58.9896
  -0.999989  0.00465957 -0.00097417    0.406235
-0.00463828   -0.999773  -0.0208181     1.06448
          0           0           0           1
Rt[ 60 ]= 
-0.000918626   -0.0219051      0.99976      59.9894
   -0.999993   0.00357705 -0.000840466     0.424913
 -0.00355778    -0.999754   -0.0219083      1.04484
           0            0            0            1
Rt[ 61 ]= 
-0.00116186  -0.0216757    0.999764     60.9892
  -0.999994  0.00329428 -0.00109071    0.456221
-0.00326986    -0.99976  -0.0216794     1.02333
          0           0           0           1
Rt[ 62 ]= 
-0.00254612  -0.0210894    0.999774      61.989
  -0.999993  0.00270505 -0.00248962    0.456009
-0.00265194   -0.999774  -0.0210961     1.00224
          0           0           0           1
Rt[ 63 ]= 
-0.00400367  -0.0213056    0.999765     62.9889
   -0.99999  0.00201464 -0.00396164      0.4854
-0.00192976   -0.999771  -0.0213135    0.981916
          0           0           0           1
Rt[ 64 ]= 
-0.00362739   -0.019701    0.999799     63.9887
   -0.99999 -0.00241036 -0.00367558    0.485794
 0.00248229   -0.999803  -0.0196921    0.965029
          0           0           0           1
Rt[ 65 ]= 
-0.00356102  -0.0217969    0.999756     64.9888
  -0.999979 -0.00527015 -0.00367672    0.552392
 0.00534901   -0.999749  -0.0217777     0.94803
          0           0           0           1
Rt[ 66 ]= 
-0.00469581  -0.0195005    0.999799     65.9886
  -0.999963 -0.00717396  -0.0048365    0.550836
 0.00726683   -0.999784  -0.0194661    0.928133
          0           0           0           1
Rt[ 67 ]= 
-0.00589251  -0.0180159     0.99982     66.9885
   -0.99996 -0.00668463 -0.00601379    0.561716
 0.00679177   -0.999815  -0.0179758    0.908055
          0           0           0           1
Rt[ 68 ]= 
-0.00511797  -0.0182278    0.999821     67.9882
  -0.999966 -0.00629558 -0.00523349    0.534086
 0.00638985   -0.999814   -0.018195    0.889838
          0           0           0           1
Rt[ 69 ]= 
-0.00789683  -0.0190308    0.999788     68.9882
  -0.999949 -0.00615584 -0.00801528    0.568437
 0.00630707     -0.9998  -0.0189812    0.871257
          0           0           0           1
Rt[ 70 ]= 
-0.00772699  -0.0180244    0.999808     69.9883
  -0.999925 -0.00937612 -0.00789693    0.594489
 0.00951666   -0.999794  -0.0179506    0.855272
          0           0           0           1
Rt[ 71 ]= 
-0.00698426  -0.0164174    0.999841     70.9878
  -0.999956 -0.00612027 -0.00708556    0.547809
 0.00623562   -0.999846  -0.0163739    0.834424
          0           0           0           1
Rt[ 72 ]= 
-0.00697959  -0.0157448    0.999852     71.9876
  -0.999946 -0.00762931 -0.00710039    0.534849
 0.00773997   -0.999847  -0.0156907    0.819591
          0           0           0           1
Rt[ 73 ]= 
-0.00797383  -0.0166637    0.999829     72.9876
  -0.999952   -0.005579 -0.00806779    0.553918
 0.00571249   -0.999846  -0.0166184    0.801655
          0           0           0           1
Rt[ 74 ]= 
-0.00821275  -0.0168401    0.999824     73.9874
  -0.999945 -0.00637062 -0.00832104    0.537331
 0.00650963   -0.999838  -0.0167869    0.785878
          0           0           0           1
Rt[ 75 ]= 
-0.00923006  -0.0160126    0.999829     74.9874
  -0.999945 -0.00491166 -0.00930979    0.558992
 0.00505989    -0.99986  -0.0159663     0.76743
          0           0           0           1
Rt[ 76 ]= 
-0.00854566  -0.0145758    0.999857     75.9869
  -0.999932 -0.00784911 -0.00866072    0.512317
 0.00797423   -0.999863  -0.0145078    0.754577
          0           0           0           1
Rt[ 77 ]= 
-0.00826978  -0.0166304    0.999828      76.987
  -0.999956 -0.00419416 -0.00834061    0.541049
 0.00433215   -0.999853   -0.016595    0.736134
          0           0           0           1
Rt[ 78 ]= 
  -0.0100393   -0.0174715     0.999797      77.9874
   -0.999949 -0.000392665   -0.0100477     0.602278
 0.000568134    -0.999847   -0.0174667     0.715445
           0            0            0            1
Rt[ 79 ]= 
   -0.010543   -0.0167976     0.999803      78.9871
   -0.999944 -0.000171267   -0.0105473     0.586241
 0.000348403    -0.999859   -0.0167949     0.697754
           0            0            0            1
Rt[ 80 ]= 
  -0.0104319   -0.0165867     0.999808      79.9876
   -0.999945 -0.000401941     -0.01044     0.635835
 0.000575029    -0.999862   -0.0165816     0.681166
           0            0            0            1
Rt[ 81 ]= 
-0.0104928 -0.0155837   0.999824    80.9874
 -0.999944 -0.0014298 -0.0105164    0.63102
0.00159343  -0.999878 -0.0155679   0.665598
         0          0          0          1
Rt[ 82 ]= 
-0.0113671 -0.0157828   0.999811    81.9875
 -0.999933 -0.0018752 -0.0113981   0.639122
0.00205474  -0.999874 -0.0157605   0.650449
         0          0          0          1
