Rt[ 0 ]= 
1 0 0 0
0 1 0 0
0 0 1 0
0 0 0 1
Rt[ 1 ]= 
   0.999995   -0.001417 -0.00273312    0.300714
 0.00142337    0.999996  0.00232912  0.00142337
 0.00272981   -0.002333    0.999994    0.999996
          0           0           0           1
Rt[ 2 ]= 
    0.999978  0.000375531  -0.00663213     0.441912
-0.000372472            1   0.00046233   0.00215244
   0.0066323 -0.000459849     0.999978      2.00038
           0            0            0            1
Rt[ 3 ]= 
   0.999993 -0.00333844  0.00152413  -0.0159234
 0.00334247    0.999991  -0.0026532  0.00650152
-0.00151526  0.00265828    0.999995     2.99736
          0           0           0           1
Rt[ 4 ]= 
   0.999988 -0.00360553  0.00343772  -0.0863696
 0.00358797    0.999981  0.00510326  0.00384819
-0.00345605 -0.00509086    0.999981     3.99743
          0           0           0           1
Rt[ 5 ]= 
   0.999964 -0.00438009  0.00724483    -0.62549
 0.00435101    0.999982  0.00402481  0.00778723
-0.00726233 -0.00399314    0.999966     4.99928
          0           0           0           1
Rt[ 6 ]= 
   0.999932  -0.0050991   0.0105115   -0.840173
 0.00505797    0.999979  0.00393535   0.0115665
 -0.0105313 -0.00388191    0.999937     6.00086
          0           0           0           1
Rt[ 7 ]= 
   0.999963 -0.00503583  0.00697821    -1.09023
 0.00502241    0.999986  0.00193895   0.0141344
-0.00698787 -0.00190383    0.999974     7.00354
          0           0           0           1
Rt[ 8 ]= 
   0.999863  -0.0131372   0.0101167   -0.807389
  0.0133168    0.999751  -0.0178987   0.0257588
-0.00987909    0.018031    0.999789     8.00133
          0           0           0           1
Rt[ 9 ]= 
  0.999847 -0.0135491  0.0110728  -0.904822
 0.0137472   0.999743 -0.0180203 0.00684109
-0.0108258  0.0181698   0.999776    9.00219
         0          0          0          1
Rt[ 10 ]= 
  0.999778 -0.0140562  0.0156803   -1.46363
 0.0143676   0.999698 -0.0199263 -0.0184766
-0.0153954  0.0201472   0.999678    10.0081
         0          0          0          1
Rt[ 11 ]= 
    0.99982  -0.0169765   0.0084325    -2.12801
  0.0171522    0.999628  -0.0212191  -0.0452452
-0.00806914   0.0213599    0.999739     11.0184
          0           0           0           1
Rt[ 12 ]= 
    0.99985   -0.016231  0.00607064    -2.00645
  0.0163517    0.999658  -0.0204004  -0.0652745
-0.00573745   0.0204967    0.999773     12.0172
          0           0           0           1
Rt[ 13 ]= 
  0.999825 -0.0184801 0.00304598   -1.70374
 0.0185548   0.999472 -0.0266869 -0.0785552
-0.0025512  0.0267387   0.999639    13.0153
         0          0          0          1
Rt[ 14 ]= 
   0.999933  -0.0115882 -0.00068565    -1.70253
  0.0115663    0.999589  -0.0262402   -0.112167
0.000989445   0.0262305    0.999655     14.0147
          0           0           0           1
Rt[ 15 ]= 
   0.999931  -0.0117178 0.000221371    -1.75896
  0.0117196    0.999575  -0.0266915   -0.138922
9.14898e-05   0.0266923    0.999644     15.0143
          0           0           0           1
Rt[ 16 ]= 
    0.999889   -0.0148551   0.00118095      -2.0463
   0.0148834     0.999458    -0.029358    -0.165844
-0.000744189    0.0293723     0.999568       16.014
           0            0            0            1
Rt[ 17 ]= 
   0.999901  -0.0138125  0.00265977    -1.72847
  0.0138845    0.999475  -0.0292581   -0.191531
-0.00225425   0.0292921    0.999568     17.0133
          0           0           0           1
Rt[ 18 ]= 
   0.999835  -0.0159063  0.00875301     -1.9697
  0.0161764    0.999366  -0.0317027    -0.22206
-0.00824319   0.0318391    0.999459     18.0135
          0           0           0           1
Rt[ 19 ]= 
   0.999859  -0.0148611  0.00786793    -1.98425
  0.0150961    0.999414  -0.0307094   -0.255192
-0.00740695   0.0308239    0.999497     19.0131
          0           0           0           1
Rt[ 20 ]= 
  0.999815 -0.0157921  0.0110088   -2.09056
 0.0161464   0.999329 -0.0328784  -0.286671
-0.0104822  0.0330501   0.999399    20.0135
         0          0          0          1
Rt[ 21 ]= 
   0.999826  -0.0174185  0.00672309    -1.83928
  0.0176501    0.999193  -0.0360753   -0.314022
-0.00608929   0.0361876    0.999326     21.0104
          0           0           0           1
Rt[ 22 ]= 
   0.99967 -0.0225049  0.0123523   -1.93409
 0.0229299   0.999109 -0.0354202   -0.34681
-0.0115442  0.0356918   0.999296    22.0105
         0          0          0          1
