Rt[ 0 ]= 
1 0 0 0
0 1 0 0
0 0 1 0
0 0 0 1
Rt[ 1 ]= 
    0.999998 -0.000899436  -0.00167878    0.0655612
 0.000897046     0.999999  -0.00142395  0.000897046
  0.00168006   0.00142244     0.999998     0.999999
           0            0            0            1
Rt[ 2 ]= 
   0.999995  0.00165622 -0.00273013    0.109391
-0.00165907    0.999998 -0.00104076 -0.00165907
  0.0027284  0.00104528    0.999996    0.999998
          0           0           0           1
Rt[ 3 ]= 
    0.999996   0.00191657  -0.00208666     0.107785
 -0.00191806     0.999998 -0.000710511  -0.00191806
   0.0020853  0.000714511     0.999998     0.999998
           0            0            0            1
Rt[ 4 ]= 
   0.999988  0.00432492 -0.00246045    0.084908
-0.00432917    0.999989 -0.00172426 -0.00432917
 0.00245297  0.00173489    0.999995    0.999989
          0           0           0           1
Rt[ 5 ]= 
   0.999977  0.00641234 -0.00237385   0.0819424
-0.00641636    0.999978 -0.00168775 -0.00641636
 0.00236298  0.00170294    0.999996    0.999978
          0           0           0           1
Rt[ 6 ]= 
   0.999953  0.00927608 -0.00277074    0.107552
 -0.0092879    0.999948  -0.0042868  -0.0092879
 0.00273083  0.00431234    0.999987    0.999948
          0           0           0           1
Rt[ 7 ]= 
   0.999933   0.0112186  -0.0029613    0.103109
 -0.0112311    0.999928 -0.00424005  -0.0112311
 0.00291352  0.00427302    0.999987    0.999928
          0           0           0           1
Rt[ 8 ]= 
   0.999929   0.0117479 -0.00174847   0.0413746
 -0.0117544    0.999924 -0.00378799  -0.0117544
 0.00170384  0.00380828    0.999991    0.999924
          0           0           0           1
Rt[ 9 ]= 
    0.999927    0.0120706 -0.000322586   -0.0169958
  -0.0120719     0.999917  -0.00449494   -0.0120719
 0.000268303    0.0044985      0.99999     0.999917
           0            0            0            1
Rt[ 10 ]= 
   0.999889   0.0148637 -0.00114264  -0.0484517
 -0.0148692    0.999877 -0.00499581  -0.0148692
 0.00106824  0.00501224    0.999987    0.999877
          0           0           0           1
Rt[ 11 ]= 
    0.999861     0.016698 -0.000270544   -0.0222152
  -0.0166992     0.999846  -0.00545312   -0.0166992
 0.000179446   0.00545687     0.999985     0.999846
           0            0            0            1
Rt[ 12 ]= 
   0.999846   0.0174944 -0.00139865 -0.00282772
 -0.0174998    0.999839 -0.00394719  -0.0174998
 0.00132937  0.00397106    0.999991    0.999839
          0           0           0           1
Rt[ 13 ]= 
     0.99992     0.012644 -0.000498223     -0.06352
  -0.0126457     0.999913  -0.00364041   -0.0126457
  0.00045215   0.00364642     0.999993     0.999913
           0            0            0            1
Rt[ 14 ]= 
    0.999922    0.0124241  0.000935128   -0.0832819
  -0.0124214     0.999919  -0.00290199   -0.0124214
-0.000971106   0.00289015     0.999995     0.999919
           0            0            0            1
Rt[ 15 ]= 
   0.999921   0.0123862  0.00217752  -0.0966179
 -0.0123818    0.999921 -0.00202897  -0.0123818
-0.00220248  0.00200184    0.999996    0.999921
          0           0           0           1
Rt[ 16 ]= 
   0.999891   0.0144324  0.00298069   -0.073136
 -0.0144278    0.999895 -0.00154123  -0.0144278
-0.00300262  0.00149806    0.999994    0.999895
          0           0           0           1
Rt[ 17 ]= 
   0.999892   0.0140836  0.00414616   -0.101982
 -0.0140781      0.9999 -0.00134603  -0.0140781
 -0.0041647  0.00128752     0.99999      0.9999
          0           0           0           1
Rt[ 18 ]= 
   0.999873   0.0154697  0.00389386   -0.110845
 -0.0154655     0.99988 -0.00108775  -0.0154655
-0.00391021  0.00102739    0.999992     0.99988
          0           0           0           1
Rt[ 19 ]= 
   0.999914   0.0125012  0.00394225   -0.127665
 -0.0124968    0.999921 -0.00113649  -0.0124968
-0.00395615  0.00108713    0.999992    0.999921
          0           0           0           1
Rt[ 20 ]= 
   0.999888   0.0143137  0.00430058  -0.0972056
 -0.0143055    0.999896 -0.00193887  -0.0143055
-0.00432788  0.00187713    0.999989    0.999896
          0           0           0           1
Rt[ 21 ]= 
   0.999929   0.0104903  0.00566656   -0.155832
 -0.0104844    0.999944 -0.00107871  -0.0104844
-0.00567756  0.00101922    0.999983    0.999944
          0           0           0           1
Rt[ 22 ]= 
   0.999935  0.00971346  0.00600474   -0.148634
-0.00970119    0.999951 -0.00206937 -0.00970119
-0.00602454  0.00201098     0.99998    0.999951
          0           0           0           1
Rt[ 23 ]= 
   0.999933   0.0100454  0.00581493  -0.0997402
 -0.0100275    0.999945 -0.00309678  -0.0100275
-0.00584572  0.00303826    0.999978    0.999945
          0           0           0           1
Rt[ 24 ]= 
    0.99993   0.0104924  0.00544498    -0.11559
 -0.0104688    0.999936 -0.00434788  -0.0104688
-0.00549025  0.00429057    0.999976    0.999936
          0           0           0           1
Rt[ 25 ]= 
   0.999953    0.006897     0.00685  -0.0960345
 -0.0068582     0.99996 -0.00567242  -0.0068582
-0.00688885  0.00562517     0.99996     0.99996
          0           0           0           1
Rt[ 26 ]= 
   0.999961  0.00541965  0.00702102  -0.0916939
-0.00537789    0.999968 -0.00595376 -0.00537789
-0.00705306  0.00591577    0.999958    0.999968
          0           0           0           1
Rt[ 27 ]= 
   0.999941  0.00868976   0.0065704  -0.0670993
-0.00864138    0.999936 -0.00735703 -0.00864138
-0.00663391  0.00729982    0.999951    0.999936
          0           0           0           1
Rt[ 28 ]= 
   0.999876   0.0136018  0.00796207  -0.0417638
 -0.0135461    0.999884 -0.00700556  -0.0135461
-0.00805643  0.00689684    0.999944    0.999884
          0           0           0           1
Rt[ 29 ]= 
   0.999884   0.0125615  0.00857238  -0.0603237
 -0.0124958    0.999892  -0.0076715  -0.0124958
-0.00866783  0.00756349    0.999934    0.999892
          0           0           0           1
Rt[ 30 ]= 
   0.999875   0.0112464   0.0111047   -0.070097
 -0.0111555    0.999904 -0.00821757  -0.0111555
 -0.0111961  0.00809267    0.999905    0.999904
          0           0           0           1
Rt[ 31 ]= 
   0.999889   0.0110917  0.00991112   -0.033771
 -0.0110092    0.999905 -0.00834297  -0.0110092
 -0.0100027  0.00823293    0.999916    0.999905
          0           0           0           1
Rt[ 32 ]= 
  0.999807  0.0158852  0.0115696 -0.0728741
-0.0157979   0.999846 -0.0075993 -0.0157979
-0.0116885 0.00741505   0.999904   0.999846
         0          0          0          1
Rt[ 33 ]= 
   0.999818   0.0154776   0.0111861  -0.0689003
  -0.015392    0.999852 -0.00770112   -0.015392
 -0.0113036  0.00752754    0.999908    0.999852
          0           0           0           1
Rt[ 34 ]= 
   0.999819   0.0153599   0.0111912  -0.0881902
 -0.0152742    0.999854 -0.00770168  -0.0152742
 -0.0113079  0.00752936    0.999908    0.999854
          0           0           0           1
Rt[ 35 ]= 
    0.99982   0.0154142    0.011033   -0.103323
 -0.0153261     0.99985 -0.00802654  -0.0153261
 -0.0111551    0.007856    0.999907     0.99985
          0           0           0           1
Rt[ 36 ]= 
   0.999838    0.012785   0.0126588   -0.130439
 -0.0126626    0.999873 -0.00969978  -0.0126626
 -0.0127812  0.00953791    0.999873    0.999873
          0           0           0           1
Rt[ 37 ]= 
   0.999836   0.0128364   0.0127482   -0.131733
 -0.0127245     0.99988 -0.00882023  -0.0127245
 -0.0128599  0.00865657     0.99988     0.99988
          0           0           0           1
Rt[ 38 ]= 
   0.999844   0.0119615   0.0130076    -0.11801
 -0.0118515    0.999894 -0.00850027  -0.0118515
 -0.0131079  0.00834479    0.999879    0.999894
          0           0           0           1
Rt[ 39 ]= 
   0.999842    0.011608    0.013461   -0.131828
 -0.0115003    0.999901 -0.00805074  -0.0115003
 -0.0135531  0.00789466    0.999877    0.999901
          0           0           0           1
Rt[ 40 ]= 
   0.999824   0.0124406   0.0140354   -0.105098
 -0.0123526    0.999904 -0.00633935  -0.0123526
 -0.0141129  0.00616486    0.999881    0.999904
          0           0           0           1
Rt[ 41 ]= 
   0.999838   0.0119711   0.0134163   -0.100738
 -0.0118676    0.999899 -0.00776666  -0.0118676
 -0.0135079  0.00760618     0.99988    0.999899
          0           0           0           1
Rt[ 42 ]= 
    0.99983   0.0119937   0.0140272   -0.113493
 -0.0119259    0.999917 -0.00490287  -0.0119259
 -0.0140849  0.00473474     0.99989    0.999917
          0           0           0           1
Rt[ 43 ]= 
   0.99982  0.0159164   0.010368 -0.0830402
-0.0158861   0.999869 -0.0029951 -0.0158861
-0.0104143 0.00282985   0.999942   0.999869
         0          0          0          1
Rt[ 44 ]= 
   0.999816   0.0160502    0.010516 -0.00615879
 -0.0160147    0.999866 -0.00345207  -0.0160147
 -0.0105699  0.00328303    0.999939    0.999866
          0           0           0           1
Rt[ 45 ]= 
   0.999838   0.0156866  0.00881964   0.0437868
 -0.0156578    0.999872 -0.00332706  -0.0156578
 -0.0088707  0.00318843    0.999956    0.999872
          0           0           0           1
Rt[ 46 ]= 
   0.999821   0.0168834  0.00851887    0.110096
 -0.0168524    0.999851  -0.0036864  -0.0168524
-0.00857984  0.00354217    0.999957    0.999851
          0           0           0           1
Rt[ 47 ]= 
   0.999812   0.0174163   0.0085173   0.0505932
 -0.0173825    0.999841 -0.00402492  -0.0173825
-0.00858604  0.00387611    0.999956    0.999841
          0           0           0           1
Rt[ 48 ]= 
   0.999859   0.0145347  0.00846331   0.0212755
 -0.0145161    0.999892 -0.00225467  -0.0145161
-0.00849516  0.00213149    0.999962    0.999892
          0           0           0           1
Rt[ 49 ]= 
   0.999864   0.0142942  0.00824345   0.0434954
 -0.0142741    0.999895 -0.00249845  -0.0142741
-0.00827829  0.00238044    0.999963    0.999895
          0           0           0           1
Rt[ 50 ]= 
   0.999841   0.0158894  0.00808497   0.0180808
 -0.0158632    0.999869 -0.00329181  -0.0158632
-0.00813621  0.00316303    0.999962    0.999869
          0           0           0           1
Rt[ 51 ]= 
   0.999823   0.0173628  0.00726655   0.0343275
 -0.0173337    0.999842 -0.00405295  -0.0173337
-0.00733577  0.00392628    0.999965    0.999842
          0           0           0           1
Rt[ 52 ]= 
   0.999846   0.0156249  0.00801153   0.0377817
 -0.0155809    0.999863 -0.00552084  -0.0155809
 -0.0080967  0.00539516    0.999953    0.999863
          0           0           0           1
Rt[ 53 ]= 
   0.999862   0.0147206  0.00763754   0.0523484
 -0.0146802    0.999878 -0.00532431  -0.0146802
-0.00771498  0.00521146    0.999957    0.999878
          0           0           0           1
Rt[ 54 ]= 
   0.999859     0.01509  0.00736248   0.0716478
 -0.0150579    0.999877 -0.00439903  -0.0150579
-0.00742795  0.00428755    0.999963    0.999877
          0           0           0           1
Rt[ 55 ]= 
   0.999855   0.0151978  0.00764084    0.076964
 -0.0151655    0.999876 -0.00426396  -0.0151655
 -0.0077047  0.00414747    0.999962    0.999876
          0           0           0           1
Rt[ 56 ]= 
   0.999844    0.015585  0.00831955   0.0619582
 -0.0155495     0.99987 -0.00431372  -0.0155495
-0.00838569  0.00418368    0.999956     0.99987
          0           0           0           1
Rt[ 57 ]= 
   0.999852   0.0148561  0.00866307 0.000627566
 -0.0148185    0.999881 -0.00437928  -0.0148185
 -0.0087271  0.00425026    0.999953    0.999881
          0           0           0           1
Rt[ 58 ]= 
   0.999858   0.0146702  0.00826287   0.0101587
 -0.0146305    0.999881 -0.00484628  -0.0146305
-0.00833299   0.0047247    0.999954    0.999881
          0           0           0           1
Rt[ 59 ]= 
   0.999854   0.0148438  0.00844967  -0.0118061
 -0.0148167    0.999885 -0.00326338  -0.0148167
-0.00849713  0.00313771    0.999959    0.999885
          0           0           0           1
Rt[ 60 ]= 
   0.999821    0.017244  0.00781232  0.00996438
 -0.0172188    0.999846 -0.00327423  -0.0172188
-0.00786758  0.00313913    0.999964    0.999846
          0           0           0           1
Rt[ 61 ]= 
   0.999832   0.0163344  0.00834511  -0.0229301
 -0.0163027     0.99986 -0.00385887  -0.0163027
-0.00840697  0.00372218    0.999958     0.99986
          0           0           0           1
Rt[ 62 ]= 
  0.999782   0.018038  0.0105126 -0.0116057
-0.0179774   0.999821 -0.0058316 -0.0179774
-0.0106159 0.00564134   0.999928   0.999821
         0          0          0          1
Rt[ 63 ]= 
   0.999752   0.0200958  0.00957066   -0.051706
 -0.0200495    0.999787 -0.00491291  -0.0200495
-0.00966735   0.0047198    0.999942    0.999787
          0           0           0           1
Rt[ 64 ]= 
    0.99979   0.0175803   0.0105365  -0.0762785
 -0.0175251    0.999832 -0.00530739  -0.0175251
  -0.010628  0.00512162     0.99993    0.999832
          0           0           0           1
Rt[ 65 ]= 
   0.999832   0.0149168   0.0106664  -0.0842331
 -0.0148775    0.999882 -0.00376343  -0.0148775
 -0.0107213  0.00360411    0.999936    0.999882
          0           0           0           1
Rt[ 66 ]= 
   0.999809   0.0162032   0.0108908  -0.0894217
 -0.0161553    0.999859 -0.00447626  -0.0161553
 -0.0109618  0.00429946    0.999931    0.999859
          0           0           0           1
Rt[ 67 ]= 
   0.999776   0.0179854   0.0111732  -0.0980673
 -0.0179239    0.999824 -0.00557953  -0.0179239
 -0.0112715  0.00537801    0.999922    0.999824
          0           0           0           1
Rt[ 68 ]= 
   0.999741   0.0178982   0.0140473    -0.12672
 -0.0178303    0.999829 -0.00494215  -0.0178303
 -0.0141334  0.00469041    0.999889    0.999829
          0           0           0           1
Rt[ 69 ]= 
   0.999726   0.0190868   0.0135511   -0.168388
 -0.0190136    0.999804 -0.00551318  -0.0190136
 -0.0136537  0.00525401    0.999893    0.999804
          0           0           0           1
Rt[ 70 ]= 
   0.999708   0.0200534   0.0134824   -0.125721
 -0.0199759    0.999783 -0.00585959  -0.0199759
  -0.013597  0.00558855    0.999892    0.999783
          0           0           0           1
Rt[ 71 ]= 
   0.999721   0.0191637   0.0137776   -0.107124
 -0.0190836      0.9998 -0.00592173  -0.0190836
 -0.0138884  0.00565715    0.999888      0.9998
          0           0           0           1
Rt[ 72 ]= 
   0.999724   0.0205811   0.0113538  -0.0274618
 -0.0205423    0.999783 -0.00352553  -0.0205423
 -0.0114239  0.00329132    0.999929    0.999783
          0           0           0           1
Rt[ 73 ]= 
   0.999725   0.0185932   0.0142572  -0.0417259
  -0.018546    0.999822 -0.00343428   -0.018546
 -0.0143185  0.00316893    0.999892    0.999822
          0           0           0           1
Rt[ 74 ]= 
   0.999723    0.018765   0.0142179  -0.0281411
 -0.0187089    0.999817 -0.00406573  -0.0187089
 -0.0142916   0.0037986    0.999891    0.999817
          0           0           0           1
Rt[ 75 ]= 
   0.999753   0.0165941   0.0147545   -0.021473
  -0.016545    0.999857 -0.00344388   -0.016545
 -0.0148095  0.00319892    0.999885    0.999857
          0           0           0           1
Rt[ 76 ]= 
   0.999718   0.0187587   0.0145383   0.0149433
 -0.0187068    0.999818 -0.00369775  -0.0187068
 -0.0146051  0.00342474    0.999887    0.999818
          0           0           0           1
Rt[ 77 ]= 
    0.99975   0.0162644   0.0153138 -0.00920988
 -0.0162393    0.999867 -0.00176244  -0.0162393
 -0.0153404  0.00151331    0.999881    0.999867
          0           0           0           1
Rt[ 78 ]= 
   0.999708   0.0168906   0.0173048   -0.056056
 -0.0168262    0.999851 -0.00386472  -0.0168262
 -0.0173675  0.00357242    0.999843    0.999851
          0           0           0           1
Rt[ 79 ]= 
   0.999697   0.0158284   0.0188672  0.00256406
 -0.0157403    0.999865 -0.00480951  -0.0157403
 -0.0189408  0.00451108     0.99981    0.999865
          0           0           0           1
Rt[ 80 ]= 
   0.999683   0.0162288   0.0192528 -0.00610542
 -0.0161199    0.999853 -0.00579584  -0.0161199
  -0.019344  0.00548365    0.999798    0.999853
          0           0           0           1
Rt[ 81 ]= 
   0.999671   0.0185114   0.0177542   0.0270789
 -0.0184207    0.999816 -0.00525819  -0.0184207
 -0.0178482  0.00492942    0.999829    0.999816
          0           0           0           1
Rt[ 82 ]= 
   0.999664   0.0193563   0.0172438   0.0805779
 -0.0192567    0.999797 -0.00592238  -0.0192567
 -0.0173549  0.00558833    0.999834    0.999797
          0           0           0           1
Rt[ 83 ]= 
   0.999642   0.0200286   0.0177356   0.0924225
 -0.0199234    0.999783 -0.00609127  -0.0199234
 -0.0178537  0.00573573    0.999824    0.999783
          0           0           0           1
Rt[ 84 ]= 
  0.999573   0.019904  0.0214069  0.0516319
-0.0197769   0.999786 -0.0061341 -0.0197769
-0.0215244 0.00570812   0.999752   0.999786
         0          0          0          1
Rt[ 85 ]= 
   0.999562   0.0208786   0.0209531   0.0961675
 -0.0207456    0.999763 -0.00654779  -0.0207456
 -0.0210849  0.00611024    0.999759    0.999763
          0           0           0           1
Rt[ 86 ]= 
   0.999534    0.022236    0.020893    0.121182
 -0.0220936    0.999731 -0.00702375  -0.0220936
 -0.0210435  0.00655888    0.999757    0.999731
          0           0           0           1
Rt[ 87 ]= 
   0.999471   0.0237739   0.0221854     0.10919
 -0.0235952    0.999687 -0.00828217  -0.0235952
 -0.0223754  0.00775432     0.99972    0.999687
          0           0           0           1
Rt[ 88 ]= 
   0.999531   0.0237434   0.0193639    0.150875
 -0.0236051    0.999694 -0.00734112  -0.0236051
 -0.0195323  0.00688058    0.999786    0.999694
          0           0           0           1
Rt[ 89 ]= 
  0.999449  0.0268028  0.0195898  0.0880138
 -0.026658   0.999616 -0.0076134  -0.026658
-0.0197863 0.00708698   0.999779   0.999616
         0          0          0          1
Rt[ 90 ]= 
    0.99947   0.0247955   0.0211125   0.0917515
 -0.0246174    0.999659 -0.00865626  -0.0246174
   -0.02132  0.00813193     0.99974    0.999659
          0           0           0           1
Rt[ 91 ]= 
   0.999483   0.0227824   0.0226758   0.0863251
  -0.022565    0.999697 -0.00979798   -0.022565
 -0.0228922  0.00928124    0.999695    0.999697
          0           0           0           1
Rt[ 92 ]= 
  0.999455  0.0238467  0.0228354   0.133354
-0.0236206    0.99967 -0.0101202 -0.0236206
-0.0230692 0.00957532   0.999688    0.99967
         0          0          0          1
Rt[ 93 ]= 
  0.999369  0.0257729  0.0244432  0.0962462
-0.0255173   0.999617 -0.0107124 -0.0255173
-0.0247099  0.0100819   0.999644   0.999617
         0          0          0          1
Rt[ 94 ]= 
  0.999378  0.0258809  0.0239589   0.105266
-0.0256375   0.999617  -0.010409 -0.0256375
-0.0242191  0.0097883   0.999659   0.999617
         0          0          0          1
Rt[ 95 ]= 
    0.9993  0.0263576  0.0265488  0.0565699
-0.0260708   0.999599  -0.011093 -0.0260708
-0.0268305  0.0103931   0.999586   0.999599
         0          0          0          1
Rt[ 96 ]= 
   0.99932  0.0250374  0.0270508  0.0560844
-0.0247638   0.999639 -0.0104027 -0.0247638
-0.0273015 0.00972572    0.99958   0.999639
         0          0          0          1
Rt[ 97 ]= 
   0.999331    0.023733   0.0278223   0.0429302
 -0.0235147     0.99969 -0.00814804  -0.0235147
  -0.028007  0.00748835     0.99958     0.99969
          0           0           0           1
Rt[ 98 ]= 
   0.999257   0.0263276   0.0281565   0.0329586
 -0.0260845     0.99962 -0.00896765  -0.0260845
 -0.0283819  0.00822654    0.999563     0.99962
          0           0           0           1
Rt[ 99 ]= 
   0.999258   0.0264067   0.0280544   0.0290613
 -0.0261835    0.999623 -0.00829581  -0.0261835
 -0.0282629  0.00755509    0.999572    0.999623
          0           0           0           1
Rt[ 100 ]= 
   0.999254   0.0260839   0.0284887   0.0224808
 -0.0258368    0.999626 -0.00900725  -0.0258368
  -0.028713  0.00826448    0.999554    0.999626
          0           0           0           1
Rt[ 101 ]= 
   0.999215   0.0262619   0.0296712   0.0152926
  -0.026034    0.999629 -0.00803975   -0.026034
 -0.0298713  0.00726098    0.999527    0.999629
          0           0           0           1
Rt[ 102 ]= 
   0.999208   0.0265754   0.0296315   0.0602526
 -0.0263437    0.999619 -0.00818394  -0.0263437
 -0.0298378  0.00739685    0.999527    0.999619
          0           0           0           1
Rt[ 103 ]= 
  0.999267   0.024924  0.0290443  0.0636448
-0.0246414   0.999646 -0.0100477 -0.0246414
-0.0292844 0.00932465   0.999528   0.999646
         0          0          0          1
Rt[ 104 ]= 
  0.999217  0.0240611  0.0314075  0.0330442
-0.0236904   0.999646 -0.0121206 -0.0236904
 -0.031688   0.011367   0.999433   0.999646
         0          0          0          1
Rt[ 105 ]= 
  0.999211  0.0232246   0.032205  0.0340436
 -0.022855   0.999669 -0.0117973  -0.022855
-0.0324683  0.0110519   0.999412   0.999669
         0          0          0          1
Rt[ 106 ]= 
  0.999119  0.0254308  0.0333888  0.0398061
-0.0250595    0.99962 -0.0114926 -0.0250595
-0.0336684  0.0106458   0.999376    0.99962
         0          0          0          1
Rt[ 107 ]= 
  0.999071  0.0226667  0.0366621  0.0601437
-0.0222677   0.999689 -0.0112563 -0.0222677
-0.0369058  0.0104295   0.999264   0.999689
         0          0          0          1
Rt[ 108 ]= 
  0.999012  0.0221924  0.0385094  0.0699339
-0.0218035   0.999707 -0.0104897 -0.0218035
-0.0387309 0.00963974   0.999203   0.999707
         0          0          0          1
Rt[ 109 ]= 
  0.998997    0.02285  0.0385191   0.104689
-0.0224416   0.999688 -0.0110013 -0.0224416
-0.0387585  0.0101258   0.999197   0.999688
         0          0          0          1
Rt[ 110 ]= 
  0.998989  0.0230307  0.0386025    0.12978
-0.0226145   0.999682 -0.0111836 -0.0226145
-0.0388478  0.0102994   0.999192   0.999682
         0          0          0          1
Rt[ 111 ]= 
   0.998944   0.0211099   0.0408013    0.116691
 -0.0207273    0.999737 -0.00977723  -0.0207273
  -0.040997   0.0089212    0.999119    0.999737
          0           0           0           1
Rt[ 112 ]= 
   0.998947   0.0220998   0.0401936    0.182117
 -0.0217336    0.999718 -0.00952462  -0.0217336
 -0.0403928  0.00864104    0.999147    0.999718
          0           0           0           1
Rt[ 113 ]= 
   0.999006   0.0220629   0.0387302    0.282498
 -0.0217411    0.999726 -0.00871088  -0.0217411
 -0.0389118  0.00786019    0.999212    0.999726
          0           0           0           1
Rt[ 114 ]= 
   0.999008   0.0217218   0.0388777    0.335931
 -0.0213977    0.999733 -0.00873398  -0.0213977
  -0.039057  0.00789342    0.999206    0.999733
          0           0           0           1
Rt[ 115 ]= 
   0.998948   0.0225631   0.0399213     0.36775
 -0.0222086     0.99971 -0.00930205  -0.0222086
 -0.0401196  0.00840567     0.99916     0.99971
          0           0           0           1
Rt[ 116 ]= 
   0.998868   0.0271943   0.0390184    0.398924
 -0.0268515    0.999596 -0.00928344  -0.0268515
 -0.0392551  0.00822523    0.999195    0.999596
          0           0           0           1
Rt[ 117 ]= 
  0.998826  0.0288984  0.0388784   0.362499
-0.0284915   0.999534 -0.0109793 -0.0284915
-0.0391776 0.00985874   0.999184   0.999534
         0          0          0          1
Rt[ 118 ]= 
  0.998837  0.0285419  0.0388675    0.44812
-0.0281394   0.999545 -0.0108627 -0.0281394
-0.0391599 0.00975637   0.999185   0.999545
         0          0          0          1
Rt[ 119 ]= 
   0.99892   0.027134  0.0377067   0.522735
-0.0267563   0.999587 -0.0104857 -0.0267563
-0.0379757 0.00946546   0.999234   0.999587
         0          0          0          1
Rt[ 120 ]= 
   0.998823   0.0268833   0.0403643    0.518783
  -0.026503    0.999599 -0.00992618   -0.026503
 -0.0406149  0.00884473    0.999136    0.999599
          0           0           0           1
Rt[ 121 ]= 
  0.998865  0.0248913  0.0405973   0.454848
-0.0244288   0.999631 -0.0118477 -0.0244288
-0.0408773  0.0108425   0.999105   0.999631
         0          0          0          1
Rt[ 122 ]= 
  0.998803  0.0247527  0.0421827   0.464949
 -0.024336    0.99965 -0.0103651  -0.024336
-0.0424245 0.00932615   0.999056    0.99965
         0          0          0          1
Rt[ 123 ]= 
  0.998855  0.0233223  0.0417633   0.380599
-0.0228865   0.999679 -0.0108837 -0.0228865
-0.0420037 0.00991547   0.999068   0.999679
         0          0          0          1
Rt[ 124 ]= 
  0.998729  0.0242655  0.0441753   0.372333
-0.0238307   0.999663 -0.0103423 -0.0238307
-0.0444113 0.00927643    0.99897   0.999663
         0          0          0          1
Rt[ 125 ]= 
  0.998769  0.0203027   0.045258   0.382123
-0.0198674   0.999752 -0.0100465 -0.0198674
-0.0454508 0.00913498   0.998925   0.999752
         0          0          0          1
Rt[ 126 ]= 
  0.998724  0.0231772  0.0448668   0.465211
-0.0226788   0.999676 -0.0115849 -0.0226788
-0.0451207  0.0105526   0.998926   0.999676
         0          0          0          1
Rt[ 127 ]= 
  0.998671  0.0241309  0.0455472   0.540718
-0.0236091    0.99965 -0.0119593 -0.0236091
-0.0458198  0.0108681   0.998891    0.99965
         0          0          0          1
Rt[ 128 ]= 
  0.998663  0.0241424  0.0457028   0.600911
-0.0236007   0.999645 -0.0123561 -0.0236007
-0.0459849   0.011261   0.998879   0.999645
         0          0          0          1
Rt[ 129 ]= 
  0.998687  0.0225694  0.0459985   0.616432
-0.0220348   0.999684  -0.012096 -0.0220348
-0.0462569  0.0110665   0.998868   0.999684
         0          0          0          1
Rt[ 130 ]= 
  0.998626  0.0255025  0.0457791   0.645698
-0.0249347   0.999605 -0.0129315 -0.0249347
-0.0460908  0.0117722   0.998868   0.999605
         0          0          0          1
Rt[ 131 ]= 
  0.998576  0.0262201  0.0464517   0.661384
-0.0256409   0.999586 -0.0130227 -0.0256409
-0.0467739  0.0118131   0.998836   0.999586
         0          0          0          1
Rt[ 132 ]= 
  0.998546  0.0275612  0.0463226   0.679101
-0.0269611   0.999545 -0.0135311 -0.0269611
-0.0466745  0.0122625   0.998835   0.999545
         0          0          0          1
Rt[ 133 ]= 
  0.998507  0.0299259  0.0456863   0.716046
-0.0293172   0.999473 -0.0139359 -0.0293172
-0.0460793  0.0125757   0.998859   0.999473
         0          0          0          1
Rt[ 134 ]= 
  0.998484  0.0292008  0.0466551   0.752178
-0.0285581   0.999489 -0.0143851 -0.0285581
-0.0470513  0.0130309   0.998807   0.999489
         0          0          0          1
Rt[ 135 ]= 
  0.998366  0.0307055   0.048188   0.739223
-0.0299075   0.999405 -0.0171944 -0.0299075
-0.0486873  0.0157252    0.99869   0.999405
         0          0          0          1
Rt[ 136 ]= 
  0.998413  0.0301144  0.0475914    0.79475
-0.0293398   0.999427 -0.0168905 -0.0293398
-0.0480727  0.0154674   0.998724   0.999427
         0          0          0          1
Rt[ 137 ]= 
  0.998385  0.0311183  0.0475351   0.846619
-0.0303559     0.9994 -0.0166775 -0.0303559
-0.0480256  0.0152076    0.99873     0.9994
         0          0          0          1
Rt[ 138 ]= 
  0.998369   0.032458  0.0469666   0.919735
-0.0317209   0.999363 -0.0163543 -0.0317209
-0.0474675  0.0148378   0.998763   0.999363
         0          0          0          1
Rt[ 139 ]= 
  0.998424  0.0327405  0.0455863    1.04325
-0.0320008   0.999346 -0.0168619 -0.0320008
-0.0461086  0.0153765   0.998818   0.999346
         0          0          0          1
Rt[ 140 ]= 
  0.998436  0.0301741  0.0470731    1.04974
-0.0295027   0.999454  -0.014894 -0.0295027
-0.0474968  0.0134819    0.99878   0.999454
         0          0          0          1
Rt[ 141 ]= 
  0.998415  0.0319758  0.0463175    1.11679
-0.0313185   0.999399 -0.0148466 -0.0313185
-0.0467644  0.0133724   0.998816   0.999399
         0          0          0          1
Rt[ 142 ]= 
  0.998426  0.0326588  0.0456009    1.17553
  -0.03202    0.99938 -0.0146707   -0.03202
-0.0460517  0.0131874   0.998852    0.99938
         0          0          0          1
Rt[ 143 ]= 
  0.998403  0.0333829  0.0455705    1.23131
-0.0326815   0.999337 -0.0160511 -0.0326815
-0.0460762  0.0145362   0.998832   0.999337
         0          0          0          1
Rt[ 144 ]= 
   0.99848  0.0321618  0.0447497    1.25601
-0.0314005   0.999352 -0.0176131 -0.0314005
-0.0452872  0.0161812   0.998843   0.999352
         0          0          0          1
Rt[ 145 ]= 
  0.998472  0.0324782   0.044705    1.31032
-0.0317162   0.999341 -0.0176504 -0.0317162
-0.0452488  0.0162055   0.998844   0.999341
         0          0          0          1
Rt[ 146 ]= 
  0.998451  0.0313582  0.0459615    1.34352
-0.0306071   0.999388 -0.0169568 -0.0306071
-0.0464651  0.0155238   0.998799   0.999388
         0          0          0          1
Rt[ 147 ]= 
  0.998449  0.0313755  0.0459913    1.41594
-0.0305863   0.999374 -0.0177659 -0.0305863
-0.0465199  0.0163317   0.998784   0.999374
         0          0          0          1
Rt[ 148 ]= 
  0.998488  0.0307403  0.0455805     1.4865
-0.0299668   0.999397 -0.0175585 -0.0299668
-0.0460928   0.016166   0.998806   0.999397
         0          0          0          1
Rt[ 149 ]= 
  0.998566  0.0283578   0.045412    1.52127
-0.0275546   0.999454 -0.0182167 -0.0275546
-0.0459038  0.0169392   0.998802   0.999454
         0          0          0          1
Rt[ 150 ]= 
  0.998574  0.0265028  0.0463393    1.54186
-0.0257322   0.999522 -0.0171475 -0.0257322
-0.0467716  0.0159306   0.998779   0.999522
         0          0          0          1
Rt[ 151 ]= 
  0.998545  0.0285892  0.0457248    1.61317
-0.0278128   0.999459 -0.0175277 -0.0278128
-0.0462012  0.0162305     0.9988   0.999459
         0          0          0          1
Rt[ 152 ]= 
  0.998562  0.0280685  0.0456669    1.64102
 -0.027399   0.999509 -0.0152215  -0.027399
-0.0460717  0.0139483   0.998841   0.999509
         0          0          0          1
Rt[ 153 ]= 
  0.998608  0.0257474  0.0460396    1.59744
-0.0250727    0.99957 -0.0151724 -0.0250727
-0.0464104   0.013997   0.998824    0.99957
         0          0          0          1
Rt[ 154 ]= 
  0.998614  0.0247535  0.0464522    1.65979
-0.0241235    0.99961 -0.0140754 -0.0241235
-0.0467825  0.0129353   0.998821    0.99961
         0          0          0          1
Rt[ 155 ]= 
  0.998679  0.0253163   0.044719    1.77828
-0.0247753   0.999614 -0.0126101 -0.0247753
 -0.045021  0.0114855    0.99892   0.999614
         0          0          0          1
Rt[ 156 ]= 
  0.998678  0.0225623  0.0461939    1.83326
-0.0220206   0.999683 -0.0122006 -0.0220206
-0.0464545  0.0111672   0.998858   0.999683
         0          0          0          1
Rt[ 157 ]= 
  0.998743   0.023812  0.0441119    1.71305
-0.0233147   0.999659 -0.0117549 -0.0233147
-0.0443768  0.0107117   0.998957   0.999659
         0          0          0          1
Rt[ 158 ]= 
  0.998662  0.0235044  0.0460572    1.71007
-0.0230208   0.999674 -0.0110009 -0.0230208
-0.0463008 0.00992594   0.998878   0.999674
         0          0          0          1
Rt[ 159 ]= 
  0.998673  0.0233958  0.0458835    1.73171
-0.0228967   0.999673 -0.0113747 -0.0228967
-0.0461347   0.010309   0.998882   0.999673
         0          0          0          1
Rt[ 160 ]= 
  0.998648  0.0242082   0.046003    1.77972
-0.0236781   0.999647 -0.0120327 -0.0236781
-0.0462781  0.0109272   0.998869   0.999647
         0          0          0          1
Rt[ 161 ]= 
  0.998639  0.0250647  0.0457453    1.71625
-0.0245099    0.99962 -0.0126487 -0.0245099
-0.0460449  0.0115103   0.998873    0.99962
         0          0          0          1
Rt[ 162 ]= 
  0.998617  0.0269312   0.045161    1.80367
-0.0263959   0.999575 -0.0124079 -0.0263959
-0.0454759  0.0111986   0.998903   0.999575
         0          0          0          1
Rt[ 163 ]= 
  0.998568   0.029551  0.0445983    1.83314
-0.0289733   0.999488 -0.0135446 -0.0289733
-0.0449758  0.0122331   0.998913   0.999488
         0          0          0          1
Rt[ 164 ]= 
  0.998516   0.032841  0.0434522     1.9025
-0.0323142   0.999396 -0.0127713 -0.0323142
-0.0438454  0.0113482   0.998974   0.999396
         0          0          0          1
Rt[ 165 ]= 
  0.998497    0.02893  0.0465472    1.93694
-0.0284658   0.999539 -0.0106034 -0.0284658
-0.0468325 0.00926251    0.99886   0.999539
         0          0          0          1
Rt[ 166 ]= 
   0.998457   0.0301429    0.046629     2.00998
 -0.0297163     0.99951 -0.00981557  -0.0297163
  -0.046902  0.00841479    0.998864     0.99951
          0           0           0           1
Rt[ 167 ]= 
   0.998444   0.0317607   0.0458314      2.1009
 -0.0313455    0.999461 -0.00975055  -0.0313455
 -0.0461164  0.00829877    0.998902    0.999461
          0           0           0           1
Rt[ 168 ]= 
   0.998494   0.0296547   0.0461523     2.16243
 -0.0293067    0.999537 -0.00819847  -0.0293067
 -0.0463741  0.00683355    0.998901    0.999537
          0           0           0           1
Rt[ 169 ]= 
   0.998519   0.0291913   0.0459084     2.15411
 -0.0288278    0.999548 -0.00856065  -0.0288278
 -0.0461376  0.00722454    0.998909    0.999548
          0           0           0           1
Rt[ 170 ]= 
   0.998701   0.0285794   0.0421894     2.25618
 -0.0281942    0.999555 -0.00969757  -0.0281942
 -0.0424478  0.00849548    0.999063    0.999555
          0           0           0           1
Rt[ 171 ]= 
   0.998712   0.0262105   0.0434539     2.23287
 -0.0258051    0.999618 -0.00986391  -0.0258051
 -0.0436958  0.00872987    0.999007    0.999618
          0           0           0           1
Rt[ 172 ]= 
  0.998673  0.0260706  0.0444212    2.20489
-0.0256162   0.999614 -0.0107671 -0.0256162
-0.0446848 0.00961489   0.998955   0.999614
         0          0          0          1
Rt[ 173 ]= 
   0.99864  0.0261753  0.0450966    2.18161
-0.0256843   0.999605 -0.0114344 -0.0256843
 -0.045378  0.0102605   0.998917   0.999605
         0          0          0          1
Rt[ 174 ]= 
  0.998638   0.025981  0.0452515    2.24812
-0.0255346    0.99962 -0.0104151 -0.0255346
-0.0455049 0.00924546   0.998921    0.99962
         0          0          0          1
Rt[ 175 ]= 
  0.998704   0.028112  0.0424313     2.3377
-0.0276633   0.999555 -0.0111242 -0.0276633
-0.0427251 0.00993603   0.999037   0.999555
         0          0          0          1
Rt[ 176 ]= 
  0.998755  0.0294041  0.0402908    2.40723
-0.0289979   0.999523 -0.0106295 -0.0289979
-0.0405841  0.0094479   0.999131   0.999523
         0          0          0          1
Rt[ 177 ]= 
  0.998756  0.0297033   0.040056    2.46573
-0.0292957   0.999513 -0.0107246 -0.0292957
-0.0403551 0.00953777    0.99914   0.999513
         0          0          0          1
Rt[ 178 ]= 
  0.998782   0.030858  0.0385061    2.56976
-0.0304865   0.999483 -0.0101997 -0.0304865
 -0.038801 0.00901331   0.999206   0.999483
         0          0          0          1
Rt[ 179 ]= 
   0.998779   0.0315645   0.0379976     2.65499
 -0.0312461    0.999472 -0.00894287  -0.0312461
 -0.0382598  0.00774468    0.999238    0.999472
          0           0           0           1
Rt[ 180 ]= 
   0.998688   0.0305599   0.0410988     2.63449
 -0.0302273    0.999505 -0.00868929  -0.0302273
  -0.041344  0.00743558    0.999117    0.999505
          0           0           0           1
Rt[ 181 ]= 
   0.998764   0.0285395   0.0406881     2.68154
  -0.028234    0.999569 -0.00806234   -0.028234
 -0.0409007  0.00690359    0.999139    0.999569
          0           0           0           1
Rt[ 182 ]= 
   0.998769   0.0280597   0.0409067     2.71178
 -0.0277336    0.999579 -0.00851774  -0.0277336
 -0.0411285  0.00737276    0.999127    0.999579
          0           0           0           1
Rt[ 183 ]= 
   0.998756   0.0285468   0.0408823     2.74993
 -0.0282167    0.999565 -0.00862905  -0.0282167
 -0.0411108  0.00746476    0.999127    0.999565
          0           0           0           1
Rt[ 184 ]= 
   0.998707   0.0300019   0.0410362     2.77911
 -0.0296716    0.999522 -0.00863443  -0.0296716
 -0.0412756  0.00740566     0.99912    0.999522
          0           0           0           1
Rt[ 185 ]= 
   0.998629   0.0305178   0.0425354     2.78722
 -0.0302159    0.999514 -0.00772206  -0.0302159
 -0.0427503  0.00642622    0.999065    0.999514
          0           0           0           1
Rt[ 186 ]= 
   0.998665    0.030017   0.0420327     2.86532
 -0.0297029    0.999526 -0.00807865  -0.0297029
 -0.0422553  0.00681938    0.999084    0.999526
          0           0           0           1
Rt[ 187 ]= 
   0.998632    0.029595   0.0431023     2.88041
 -0.0293008    0.999543 -0.00744196  -0.0293008
 -0.0433029  0.00616885    0.999043    0.999543
          0           0           0           1
Rt[ 188 ]= 
   0.998634   0.0294548   0.0431582     2.94915
 -0.0292067    0.999553 -0.00636672  -0.0292067
 -0.0433265  0.00509751    0.999048    0.999553
          0           0           0           1
Rt[ 189 ]= 
   0.998643   0.0304175   0.0422803     2.89369
 -0.0302325     0.99953 -0.00500829  -0.0302325
 -0.0424128  0.00372325    0.999093     0.99953
          0           0           0           1
Rt[ 190 ]= 
   0.998523   0.0307813   0.0447765      2.8859
 -0.0305973     0.99952 -0.00478776  -0.0305973
 -0.0449024  0.00341065    0.998986     0.99952
          0           0           0           1
Rt[ 191 ]= 
   0.998504   0.0313325   0.0448172     3.01879
 -0.0311048    0.999499 -0.00576784  -0.0311048
 -0.0449755  0.00436518    0.998979    0.999499
          0           0           0           1
Rt[ 192 ]= 
   0.998442   0.0330281   0.0449646     2.95961
 -0.0327502     0.99944 -0.00690342  -0.0327502
 -0.0451674  0.00542007    0.998965     0.99944
          0           0           0           1
Rt[ 193 ]= 
   0.998449   0.0330165   0.0448213     3.01147
 -0.0327758    0.999444 -0.00609469  -0.0327758
 -0.0449976  0.00461618    0.998976    0.999444
          0           0           0           1
Rt[ 194 ]= 
   0.998622   0.0294711   0.0434261     3.04166
 -0.0292146    0.999552 -0.00652935  -0.0292146
 -0.0435991  0.00525168    0.999035    0.999552
          0           0           0           1
Rt[ 195 ]= 
   0.998661    0.028826   0.0429599     2.99528
 -0.0285777    0.999571 -0.00638245  -0.0285777
 -0.0431254  0.00514621    0.999056    0.999571
          0           0           0           1
Rt[ 196 ]= 
   0.998623   0.0300889   0.0429659     3.03672
 -0.0298562    0.999536 -0.00604842  -0.0298562
 -0.0431279  0.00475729    0.999058    0.999536
          0           0           0           1
Rt[ 197 ]= 
   0.998586   0.0300448   0.0438497     3.03696
   -0.02982    0.999539 -0.00577065    -0.02982
 -0.0440028   0.0044549    0.999021    0.999539
          0           0           0           1
Rt[ 198 ]= 
   0.998568   0.0310413   0.0435741     3.09698
 -0.0308029    0.999507 -0.00613102  -0.0308029
  -0.043743  0.00478003    0.999031    0.999507
          0           0           0           1
Rt[ 199 ]= 
  0.998564   0.029932  0.0444198    3.14061
-0.0296811    0.99954 -0.0062971 -0.0296811
-0.0445878 0.00496963   0.998993    0.99954
         0          0          0          1
Rt[ 200 ]= 
   0.998559   0.0312579   0.0436224     3.19056
 -0.0309927    0.999497 -0.00674356  -0.0309927
 -0.0438112  0.00538187    0.999025    0.999497
          0           0           0           1
Rt[ 201 ]= 
   0.998462   0.0333443   0.0442916     3.20234
 -0.0330938    0.999432 -0.00637681  -0.0330938
 -0.0444791  0.00490123    0.998998    0.999432
          0           0           0           1
Rt[ 202 ]= 
    0.99863   0.0326926   0.0408574     3.29733
 -0.0325144    0.999459 -0.00501812  -0.0325144
