Rt[ 0 ]= 
 0  0  1  0
-1  0  0  0
 0 -1  0  2
 0  0  0  1
Rt[ 1 ]= 
  0.00040728  0.000839425            1            1
          -1  7.98315e-05  0.000407213   0.00593087
-7.94897e-05           -1  0.000839458      1.99992
           0            0            0            1
Rt[ 2 ]= 
  -0.0016831   0.00104077     0.999998      1.99998
   -0.999998  0.000806128  -0.00168394    0.0564872
-0.000807879    -0.999999   0.00103941      2.00004
           0            0            0            1
Rt[ 3 ]= 
-0.00247761 0.000944224    0.999996     2.99993
  -0.999996  0.00110203 -0.00247865   0.0242772
-0.00110437   -0.999999  0.00094149     2.00076
          0           0           0           1
Rt[ 4 ]= 
-0.00521122 -0.00627778    0.999967     3.99982
  -0.999983  0.00278926 -0.00519379 -0.00833288
-0.00275656   -0.999976 -0.00629221     2.00001
          0           0           0           1
Rt[ 5 ]= 
  0.0016556 -0.00782901    0.999968     5.00043
  -0.999998  0.00145453  0.00166703    0.107586
-0.00146753   -0.999968 -0.00782658     1.99539
          0           0           0           1
Rt[ 6 ]= 
 0.00127018 -0.00764214     0.99997      6.0004
  -0.999997  0.00229469  0.00128775    0.104219
-0.00230446   -0.999968  -0.0076392     1.98671
          0           0           0           1
Rt[ 7 ]= 
-0.00153535 -0.00743555    0.999971     7.00018
  -0.999999 -0.00075031 -0.00154097    0.263312
0.000761747   -0.999972 -0.00743439     1.98248
          0           0           0           1
Rt[ 8 ]= 
 0.00182999  -0.0111761    0.999936     7.99977
  -0.999996   0.0022604  0.00185536   0.0337436
-0.00228099   -0.999935  -0.0111719     1.97221
          0           0           0           1
Rt[ 9 ]= 
5.95424e-05  -0.0119834    0.999928     8.99973
  -0.999998  0.00181542  8.1303e-05   0.0272627
-0.00181626   -0.999927  -0.0119833     1.96146
          0           0           0           1
Rt[ 10 ]= 
-0.00362914  -0.0099386    0.999944     9.99963
  -0.999988  0.00332747 -0.00359623    0.116988
-0.00329154   -0.999945 -0.00995055     1.94812
          0           0           0           1
Rt[ 11 ]= 
 0.000814585   -0.0137726     0.999905      10.9991
   -0.999999  0.000802219  0.000825711   -0.0171522
-0.000813515    -0.999905    -0.013772      1.94026
           0            0            0            1
Rt[ 12 ]= 
 0.00499206  -0.0207365    0.999773     11.9991
  -0.999986 -0.00172838  0.00495727    -0.10099
 0.00162519   -0.999783  -0.0207448     1.92892
          0           0           0           1
Rt[ 13 ]= 
  0.00883447   -0.0216712     0.999726      12.9994
   -0.999961  0.000480361   0.00884696    -0.208435
-0.000671954    -0.999765   -0.0216661      1.90614
           0            0            0            1
Rt[ 14 ]= 
 0.00507114  -0.0194196    0.999799     13.9982
  -0.999986  0.00142302  0.00509973  -0.0949768
-0.00152177    -0.99981  -0.0194121     1.88361
          0           0           0           1
Rt[ 15 ]= 
-0.00528129  -0.0244509    0.999687     14.9972
  -0.999982  0.00292477 -0.00521131   0.0524222
-0.00279643   -0.999697  -0.0244659     1.86294
          0           0           0           1
Rt[ 16 ]= 
-0.00630167  -0.0266937    0.999624     15.9975
  -0.999976  0.00319874 -0.00621847    0.157661
-0.00303154   -0.999639  -0.0267132     1.83852
          0           0           0           1
Rt[ 17 ]= 
 -0.0132772  -0.0276382     0.99953     16.9978
  -0.999906  0.00368005  -0.0131804    0.274276
-0.00331404   -0.999611  -0.0276844     1.81172
          0           0           0           1
Rt[ 18 ]= 
 -0.0089099  -0.0303709    0.999499     17.9968
  -0.999959  0.00160203 -0.00886532    0.213403
-0.00133198   -0.999537  -0.0303839     1.78597
          0           0           0           1
Rt[ 19 ]= 
 -0.00676427   -0.0333534     0.999421      18.9976
   -0.999977  0.000286386  -0.00675848     0.344893
-6.08018e-05    -0.999444   -0.0333546      1.75711
           0            0            0            1
Rt[ 20 ]= 
 0.00432185  -0.0336882    0.999423     19.9953
  -0.999988 -0.00253448  0.00423886    0.078461
 0.00239022   -0.999429  -0.0336988     1.72656
          0           0           0           1
Rt[ 21 ]= 
  0.00308249   -0.0352449     0.999374      20.9943
   -0.999995 -0.000738194   0.00305837     0.167048
  0.00062994    -0.999378    -0.035247      1.69086
           0            0            0            1
Rt[ 22 ]= 
 0.00374368  -0.0402177    0.999184     21.9937
  -0.999993 -0.00101819  0.00370573    0.159361
 0.00086832    -0.99919  -0.0402212     1.65588
          0           0           0           1
Rt[ 23 ]= 
 0.00586267  -0.0387774    0.999231     22.9934
  -0.999981 -0.00227278  0.00577887   0.0409505
 0.00204694   -0.999245  -0.0387899     1.61703
          0           0           0           1
Rt[ 24 ]= 
0.00771203 -0.0430823   0.999042    23.9922
 -0.999965 -0.0036236  0.0075629     0.1353
 0.0032943  -0.999065 -0.0431087    1.57937
         0          0          0          1
Rt[ 25 ]= 
  0.0101978  -0.0354223     0.99932     24.9914
  -0.999931 -0.00620913  0.00998397    0.132249
 0.00585126   -0.999353  -0.0354831     1.53896
          0           0           0           1
Rt[ 26 ]= 
  0.0143664  -0.0340192    0.999318      25.992
  -0.999876 -0.00687092   0.0141405   0.0177786
 0.00638519   -0.999398  -0.0341137     1.50489
          0           0           0           1
Rt[ 27 ]= 
 0.0203483 -0.0380085    0.99907    26.9934
  -0.99973 -0.0119774  0.0199061  -0.103333
 0.0112096  -0.999206  -0.038242    1.47666
         0          0          0          1
Rt[ 28 ]= 
 0.0207901 -0.0329162   0.999242     27.992
 -0.999693 -0.0141662  0.0203328  -0.057744
 0.0134862  -0.999358 -0.0332007    1.44042
         0          0          0          1
Rt[ 29 ]= 
 0.0187824 -0.0305669   0.999356    28.9897
 -0.999739 -0.0135679  0.0183746  0.0365922
 0.0129975  -0.999441 -0.0308138    1.40567
         0          0          0          1
Rt[ 30 ]= 
  0.017943 -0.0323085   0.999317    29.9895
 -0.999738 -0.0147966  0.0174722   0.033606
  0.014222  -0.999368 -0.0325655    1.37633
         0          0          0          1
Rt[ 31 ]= 
 0.0152121 -0.0327543   0.999348    30.9875
 -0.999799 -0.0135724  0.0147742   0.121401
 0.0130796  -0.999371 -0.0329542    1.34153
         0          0          0          1
Rt[ 32 ]= 
 0.0172292  -0.030792   0.999377     31.987
 -0.999753 -0.0145873  0.0167863   0.129928
 0.0140613  -0.999419 -0.0310357    1.30971
         0          0          0          1
Rt[ 33 ]= 
 0.0172979 -0.0297918   0.999406    32.9849
 -0.999763  -0.013718  0.0168952   0.228598
 0.0132065  -0.999462 -0.0300221    1.27667
         0          0          0          1
Rt[ 34 ]= 
 0.0218773 -0.0315773   0.999262    33.9862
 -0.999691 -0.0124955  0.0214918   0.133906
 0.0118077  -0.999423 -0.0318409    1.24686
         0          0          0          1
Rt[ 35 ]= 
 0.0268578 -0.0316746   0.999137    34.9856
 -0.999563 -0.0131682  0.0264518   0.152941
  0.012319  -0.999411 -0.0320145    1.21572
         0          0          0          1
Rt[ 36 ]= 
 0.0261816 -0.0288895    0.99924    35.9841
 -0.999584 -0.0128863  0.0258181   0.199279
 0.0121306    -0.9995 -0.0292149    1.18325
         0          0          0          1
Rt[ 37 ]= 
 0.0210804 -0.0365979   0.999108    36.9833
 -0.999731 -0.0104562  0.0207105   0.224751
0.00968893  -0.999275 -0.0368084    1.15145
         0          0          0          1
Rt[ 38 ]= 
  0.0204926  -0.0417959    0.998916     37.9822
  -0.999756 -0.00908937   0.0201296    0.249928
 0.00823818   -0.999085   -0.041972     1.11313
          0           0           0           1
Rt[ 39 ]= 
 0.0218028  -0.042201   0.998871    38.9787
 -0.999715 -0.0106325   0.021372   0.394375
0.00971861  -0.999053 -0.0424208    1.07167
         0          0          0          1
Rt[ 40 ]= 
 0.0272655 -0.0428467    0.99871    39.9765
 -0.999538 -0.0145788  0.0266627   0.468961
 0.0134175  -0.998975 -0.0432244    1.03265
         0          0          0          1
Rt[ 41 ]= 
 0.0245698 -0.0411138   0.998852    40.9722
 -0.999634 -0.0123568  0.0240804   0.604526
 0.0113526  -0.999078 -0.0414024    0.98579
         0          0          0          1
Rt[ 42 ]= 
 0.0244782 -0.0466617   0.998611    41.9729
  -0.99963 -0.0129912  0.0238962   0.552791
 0.0118581  -0.998826 -0.0469624    0.94575
         0          0          0          1
Rt[ 43 ]= 
 0.0225015 -0.0494846   0.998521    42.9706
 -0.999679 -0.0127168  0.0218974   0.613563
 0.0116144  -0.998694 -0.0497549   0.898014
         0          0          0          1
Rt[ 44 ]= 
  0.0190827  -0.0487232     0.99863     43.9658
  -0.999792 -0.00816999   0.0187063    0.770061
 0.00724737   -0.998779   -0.048869    0.842169
          0           0           0           1
Rt[ 45 ]= 
  0.0184865  -0.0461559    0.998763     44.9667
  -0.999794 -0.00922536   0.0180793     0.67243
 0.00837948   -0.998892  -0.0463169    0.795244
          0           0           0           1
Rt[ 46 ]= 
  0.0189446      -0.046    0.998762     45.9674
   -0.99978 -0.00984277   0.0185106    0.590245
 0.00897909   -0.998893  -0.0461763    0.750387
          0           0           0           1
Rt[ 47 ]= 
 0.0177598 -0.0449182   0.998833    46.9663
 -0.999796 -0.0103655  0.0173108   0.600181
 0.0095758  -0.998937 -0.0450932   0.704829
         0          0          0          1
Rt[ 48 ]= 
 0.0188024 -0.0428004   0.998907    47.9636
 -0.999758 -0.0122456  0.0182937   0.709215
 0.0114493  -0.999009 -0.0430203   0.660774
         0          0          0          1
Rt[ 49 ]= 
 0.0148791 -0.0432673   0.998953    48.9615
 -0.999834 -0.0111909  0.0144075   0.781272
 0.0105558  -0.999001 -0.0434266   0.616078
         0          0          0          1
Rt[ 50 ]= 
 0.0129253  -0.042663   0.999006    49.9606
  -0.99984 -0.0129183  0.0123844   0.790964
 0.0123771  -0.999006 -0.0428232   0.574434
         0          0          0          1
Rt[ 51 ]= 
0.00842614 -0.0390247   0.999203    50.9575
  -0.99991 -0.0107776 0.00801117   0.951954
 0.0104564   -0.99918  -0.039112   0.527662
         0          0          0          1
Rt[ 52 ]= 
 0.0133066 -0.0394185   0.999134    51.9583
 -0.999863 -0.0103573  0.0129077   0.773077
0.00983955  -0.999169 -0.0395509   0.490079
         0          0          0          1
Rt[ 53 ]= 
 0.0122697 -0.0383063   0.999191    52.9572
 -0.999874 -0.0105734  0.0118727   0.807681
 0.0101101   -0.99921 -0.0384312   0.450544
         0          0          0          1
Rt[ 54 ]= 
  0.011034 -0.0397043   0.999151    53.9558
 -0.999884 -0.0109691  0.0106062   0.866539
 0.0105387  -0.999151 -0.0398207   0.412018
         0          0          0          1
Rt[ 55 ]= 
 0.0108497 -0.0410795   0.999097    54.9545
  -0.99988 -0.0115307  0.0103841   0.918218
 0.0110937  -0.999089 -0.0411997   0.372311
         0          0          0          1
Rt[ 56 ]= 
0.00952864 -0.0429839    0.99903    55.9529
 -0.999906  -0.010298  0.0090939   0.984781
0.00989716  -0.999023  -0.043078   0.329239
         0          0          0          1
Rt[ 57 ]= 
 0.0100165 -0.0443684   0.998965    56.9511
   -0.9999 -0.0103782 0.00956493    1.08907
0.00994311  -0.998961  -0.044468   0.285286
         0          0          0          1
Rt[ 58 ]= 
0.00905205 -0.0419728   0.999078     57.949
 -0.999909 -0.0103646 0.00862414    1.20092
 0.0099931  -0.999065 -0.0420628   0.239808
         0          0          0          1
Rt[ 59 ]= 
0.00945515 -0.0450829   0.998939    58.9476
 -0.999894 -0.0114734 0.00894639    1.26821
 0.0110579  -0.998917 -0.0451867   0.198239
         0          0          0          1
Rt[ 60 ]= 
0.00883962 -0.0442737    0.99898    59.9457
 -0.999896 -0.0117907 0.00832517    1.36616
 0.0114101   -0.99895 -0.0443733   0.152392
         0          0          0          1
Rt[ 61 ]= 
 0.0049558 -0.0425612   0.999082    60.9446
 -0.999911 -0.0126095 0.00442274    1.38571
 0.0124097  -0.999014 -0.0426199   0.108716
         0          0          0          1
Rt[ 62 ]= 
0.000801293  -0.0433409     0.99906     61.9433
  -0.999919  -0.0126911 0.000251421     1.47309
  0.0126683    -0.99898  -0.0433475   0.0651483
          0           0           0           1
Rt[ 63 ]= 
0.00224094  -0.039119   0.999232    62.9425
 -0.999852 -0.0171205 0.00157208    1.47398
 0.0170458  -0.999088 -0.0391516  0.0262261
         0          0          0          1
Rt[ 64 ]= 
 0.00971393  -0.0390703    0.999189     63.9425
  -0.999824  -0.0164462  0.00907702     1.15227
  0.0160783   -0.999101  -0.0392232 -0.00808764
          0           0           0           1
Rt[ 65 ]= 
 0.0067445 -0.0329751   0.999433    64.9417
  -0.99981 -0.0185149 0.00613617    1.16539
 0.0183021  -0.999285 -0.0330937 -0.0452703
         0          0          0          1
Rt[ 66 ]= 
0.00448285 -0.0306912   0.999519    65.9404
 -0.999809 -0.0191559 0.00389595    1.28291
 0.0190271  -0.999345 -0.0307712  -0.079753
         0          0          0          1
Rt[ 67 ]= 
0.00668529 -0.0312483   0.999489    66.9401
 -0.999806 -0.0187202 0.00610214    1.22583
   0.01852  -0.999336 -0.0313674  -0.109803
         0          0          0          1
Rt[ 68 ]= 
-0.00055859  -0.0333266    0.999444     67.9389
  -0.999834  -0.0181619 -0.00116442     1.33718
  0.0181906   -0.999279  -0.0333109   -0.143676
          0           0           0           1
Rt[ 69 ]= 
-0.000186566    -0.030243     0.999543      68.9385
   -0.999773   -0.0213059 -0.000831258      1.43466
   0.0213213    -0.999315   -0.0302321     -0.17564
           0            0            0            1
Rt[ 70 ]= 
0.00179314  -0.026098   0.999658    69.9379
 -0.999837 -0.0179983 0.00132358    1.33368
 0.0179576  -0.999497  -0.026126  -0.207038
         0          0          0          1
Rt[ 71 ]= 
0.00174682 -0.0241276   0.999707    70.9376
 -0.999809 -0.0194936 0.00127653    1.31868
 0.0194571  -0.999519 -0.0241571  -0.231373
         0          0          0          1
Rt[ 72 ]= 
-0.00131206  -0.0265092    0.999648     71.9371
  -0.999848  -0.0173678 -0.00177289     1.40094
  0.0174087   -0.999498  -0.0264824   -0.259228
          0           0           0           1
Rt[ 73 ]= 
-0.00201899  -0.0269962    0.999633     72.9368
  -0.999832  -0.0181305 -0.00250903     1.37537
  0.0181916   -0.999471   -0.026955   -0.284532
          0           0           0           1
Rt[ 74 ]= 
-0.00483501  -0.0245798    0.999686     73.9365
  -0.999849  -0.0165794 -0.00524344     1.45677
  0.0167031    -0.99956  -0.0244959   -0.314577
          0           0           0           1
Rt[ 75 ]= 
-0.00325078  -0.0202062    0.999791     74.9358
  -0.999801  -0.0196181  -0.0036473      1.3491
  0.0196877   -0.999603  -0.0201384   -0.334339
          0           0           0           1
Rt[ 76 ]= 
-0.00206728  -0.0261655    0.999655     75.9358
  -0.999869   -0.015996 -0.00248641     1.45272
  0.0160555    -0.99953   -0.026129   -0.360198
          0           0           0           1
Rt[ 77 ]= 
 -0.0086465   -0.028466    0.999557     76.9359
  -0.999893  -0.0115684 -0.00897886     1.71602
  0.0118189   -0.999528  -0.0283629   -0.395001
          0           0           0           1
Rt[ 78 ]= 
 -0.010105 -0.0265514   0.999596    77.9353
 -0.999881 -0.0113631 -0.0104097    1.69035
 0.0116349  -0.999583 -0.0264334  -0.423391
         0          0          0          1
Rt[ 79 ]= 
-0.00972182  -0.0259618    0.999616     78.9366
  -0.999882  -0.0116248  -0.0100263     1.84455
  0.0118806   -0.999595  -0.0258458   -0.451484
          0           0           0           1
Rt[ 80 ]= 
-0.00985571  -0.0230466    0.999686     79.9364
  -0.999868   -0.012678  -0.0101498     1.85014
  0.0129079   -0.999654  -0.0229186   -0.476492
          0           0           0           1
Rt[ 81 ]= 
-0.0124823 -0.0235283   0.999645    80.9366
 -0.999835 -0.0129098 -0.0127885    1.89923
 0.0132061   -0.99964 -0.0233633  -0.499938
         0          0          0          1
Rt[ 82 ]= 
-0.0113245 -0.0214078   0.999707    81.9369
 -0.999867 -0.0115336 -0.0115733    1.94053
  0.011778  -0.999704 -0.0212743  -0.525416
         0          0          0          1
Rt[ 83 ]= 
-0.0134617  -0.020109   0.999707    82.9372
  -0.99983 -0.0123663 -0.0137121    1.98094
 0.0126384  -0.999721 -0.0199391  -0.546488
         0          0          0          1
Rt[ 84 ]= 
-0.0172725 -0.0181734   0.999686    83.9412
 -0.999746 -0.0141833 -0.0175314    2.28155
 0.0144974  -0.999734 -0.0179238  -0.568617
         0          0          0          1
Rt[ 85 ]= 
-0.0230954 -0.0196366    0.99954    84.9423
 -0.999629 -0.0139857 -0.0233722    2.34783
 0.0144382  -0.999709 -0.0193063   -0.58792
         0          0          0          1
Rt[ 86 ]= 
-0.0248071 -0.0202773   0.999487    85.9427
 -0.999571  -0.015088 -0.0251153    2.36019
 0.0155895  -0.999681 -0.0198943  -0.606624
         0          0          0          1
Rt[ 87 ]= 
-0.0264479 -0.0180333   0.999488    86.9438
 -0.999563 -0.0126992  -0.026679    2.40023
 0.0131738  -0.999757 -0.0176896  -0.629982
         0          0          0          1
Rt[ 88 ]= 
-0.0263809 -0.0144394   0.999548    87.9401
 -0.999559 -0.0132835  -0.026573    2.25214
 0.0136611  -0.999808 -0.0140826  -0.645583
         0          0          0          1
Rt[ 89 ]= 
-0.0246094 -0.0143258   0.999594    88.9351
 -0.999569 -0.0156674 -0.0248333    2.05448
 0.0160168  -0.999775 -0.0139341  -0.654947
         0          0          0          1
Rt[ 90 ]= 
-0.0259628 -0.0107114   0.999606    89.9339
 -0.999501 -0.0176951 -0.0261497    1.99785
 0.0179682  -0.999786 -0.0102467  -0.666439
         0          0          0          1
Rt[ 91 ]= 
 -0.0261229 -0.00860493    0.999622     90.9318
  -0.999494  -0.0179019  -0.0262736     1.90311
  0.0181213   -0.999803 -0.00813293   -0.675301
          0           0           0           1
Rt[ 92 ]= 
 -0.0258291 -0.00700045    0.999642     91.9314
  -0.999479  -0.0191539   -0.025959      1.8755
  0.0193288   -0.999792 -0.00650207   -0.682199
          0           0           0           1
Rt[ 93 ]= 
 -0.0206188 -0.00545961    0.999773     92.9294
  -0.999514  -0.0232832  -0.0207406     1.78723
  0.0233911   -0.999714 -0.00497688   -0.683398
          0           0           0           1
Rt[ 94 ]= 
 -0.0184745 -0.00271937    0.999826     93.9303
  -0.999536  -0.0241779  -0.0185349     1.82189
   0.024224   -0.999704 -0.00227143   -0.688828
          0           0           0           1
Rt[ 95 ]= 
 -0.0176254 -0.00237313    0.999842     94.9338
  -0.999543  -0.0245408  -0.0176784     1.99983
  0.0245789   -0.999696  -0.0019395   -0.695504
          0           0           0           1
Rt[ 96 ]= 
  -0.0175789  -0.00123153     0.999845      95.9337
   -0.999543   -0.0245945   -0.0176039      1.98833
   0.0246124    -0.999697 -0.000798622    -0.697561
           0            0            0            1
Rt[ 97 ]= 
 -0.0223155 -0.00839251    0.999716     96.9316
  -0.999505   -0.021984  -0.0224954     1.85752
  0.0221665   -0.999723 -0.00789777   -0.698023
          0           0           0           1
Rt[ 98 ]= 
-0.0180114 -0.0199145   0.999639    97.9278
 -0.999647  -0.019182 -0.0183937    1.68511
 0.0195414  -0.999618  -0.019562  -0.705188
         0          0          0          1
Rt[ 99 ]= 
-0.0164588 -0.0227669   0.999605    98.9282
 -0.999649 -0.0204009 -0.0169242    1.70712
 0.0207781  -0.999533 -0.0224231  -0.724272
         0          0          0          1
Rt[ 100 ]= 
-0.0146668 -0.0216659   0.999658    99.9273
 -0.999656 -0.0214336 -0.0151313    1.65881
 0.0217541  -0.999535 -0.0213441  -0.745027
         0          0          0          1
Rt[ 101 ]= 
-0.0197658 -0.0199833   0.999605     100.93
 -0.999567 -0.0213924 -0.0201927    1.81751
 0.0217875  -0.999571 -0.0195518  -0.770229
         0          0          0          1
Rt[ 102 ]= 
-0.0237898 -0.0195912   0.999525    101.931
 -0.999464 -0.0220425 -0.0242204    1.88316
 0.0225065  -0.999565 -0.0190563  -0.791011
         0          0          0          1
Rt[ 103 ]= 
-0.0234397  -0.015241   0.999609     102.93
 -0.999501 -0.0208043 -0.0237544    1.83476
 0.0211582  -0.999667 -0.0147458  -0.810865
         0          0          0          1
Rt[ 104 ]= 
 -0.0251158 -0.00903035    0.999644      103.93
   -0.99941  -0.0231874  -0.0253194     1.83374
  0.0234078    -0.99969 -0.00844266   -0.823866
          0           0           0           1
Rt[ 105 ]= 
 -0.0260269 -0.00636975    0.999641      104.93
  -0.999398   -0.022782  -0.0261658     1.84436
  0.0229405    -0.99972 -0.00577297   -0.833626
          0           0           0           1
Rt[ 106 ]= 
 -0.0251447 -0.00823757     0.99965      105.93
  -0.999398   -0.023699  -0.0253336     1.80423
  0.0238994   -0.999685 -0.00763671   -0.838113
          0           0           0           1
Rt[ 107 ]= 
-0.0214023 -0.0121965   0.999697    106.928
 -0.999406  -0.026757 -0.0217226    1.70602
 0.0270139  -0.999568 -0.0116166  -0.840862
         0          0          0          1
Rt[ 108 ]= 
-0.0247158 -0.0116133   0.999627    107.929
 -0.999329 -0.0267674 -0.0250194    1.75236
 0.0270479  -0.999574  -0.010944  -0.854323
         0          0          0          1
Rt[ 109 ]= 
 -0.0244009 -0.00806342     0.99967     108.929
  -0.999322  -0.0273635  -0.0246132      1.7516
  0.0275529   -0.999593 -0.00739027   -0.865415
          0           0           0           1
Rt[ 110 ]= 
  -0.019862 -0.00356402    0.999796     109.926
  -0.999425  -0.0274101  -0.0199523     1.62222
  0.0274756   -0.999618 -0.00301755    -0.86996
          0           0           0           1
Rt[ 111 ]= 
 -0.0191123 -0.00369503    0.999811     110.927
  -0.999456  -0.0268227  -0.0192046     1.64995
  0.0268886   -0.999633 -0.00318037   -0.874874
          0           0           0           1
Rt[ 112 ]= 
 -0.0182674 -0.00313825    0.999828     111.926
  -0.999446  -0.0277586  -0.0183475     1.59037
  0.0278114    -0.99961 -0.00262944   -0.876042
          0           0           0           1
Rt[ 113 ]= 
 -0.0256081 -0.00464779    0.999661     112.929
  -0.999325   -0.026245  -0.0257215     1.75623
  0.0263557   -0.999645 -0.00397257   -0.885272
          0           0           0           1
Rt[ 114 ]= 
 -0.0225276 -0.00778502    0.999716      113.93
  -0.999322  -0.0289364  -0.0227441     1.77099
  0.0291053   -0.999551 -0.00712787   -0.887548
          0           0           0           1
Rt[ 115 ]= 
  -0.024101 -0.00618795     0.99969      114.93
   -0.99936  -0.0262972  -0.0242558     1.79548
  0.0264392   -0.999635  -0.0055502   -0.898731
          0           0           0           1
Rt[ 116 ]= 
 -0.0246919 -0.00586999    0.999678     115.929
  -0.999329  -0.0269072  -0.0248412     1.73991
  0.0270444   -0.999621 -0.00520167   -0.902851
          0           0           0           1
Rt[ 117 ]= 
 -0.0240728 -0.00688911    0.999686     116.931
  -0.999327   -0.027525  -0.0242538     1.77942
  0.0276834   -0.999597 -0.00622187   -0.909151
          0           0           0           1
Rt[ 118 ]= 
 -0.0186945 -0.00753813    0.999797     117.928
  -0.999491  -0.0257215  -0.0188827     1.64287
  0.0258587   -0.999641 -0.00705344   -0.914054
          0           0           0           1
Rt[ 119 ]= 
 -0.0185987 -0.00699763    0.999803     118.926
  -0.999521   -0.024608  -0.0187657      1.5578
  0.0247345   -0.999673  -0.0065366   -0.920519
          0           0           0           1
Rt[ 120 ]= 
 -0.0201928 -0.00456734    0.999786      119.93
  -0.999508  -0.0239319  -0.0202965     1.75902
  0.0240194   -0.999703 -0.00408184   -0.933226
          0           0           0           1
Rt[ 121 ]= 
  -0.0179747 -0.000401548     0.999838      120.928
   -0.999611   -0.0213378   -0.0179791      1.64224
   0.0213416    -0.999772 -1.78508e-05    -0.937659
           0            0            0            1
Rt[ 122 ]= 
  -0.0169517  -0.00057412     0.999856      121.925
   -0.999634   -0.0210969     -0.01696      1.48457
   0.0211036    -0.999777 -0.000216282    -0.934933
           0            0            0            1
Rt[ 123 ]= 
 -0.011909 0.00103969   0.999929    122.923
 -0.999729 -0.0200412 -0.0118858    1.34579
 0.0200274  -0.999799 0.00127808  -0.933652
         0          0          0          1
Rt[ 124 ]= 
 -0.0117679 -0.00145574     0.99993     123.924
  -0.999769  -0.0179796  -0.0117922     1.37999
  0.0179955   -0.999837 -0.00124382    -0.93533
          0           0           0           1
Rt[ 125 ]= 
 -0.0128762 -0.00330952    0.999912     124.923
  -0.999705  -0.0205712  -0.0129416     1.35875
  0.0206122   -0.999783 -0.00304367   -0.933788
          0           0           0           1
Rt[ 126 ]= 
 -0.0128729 -0.00339306    0.999911     125.921
  -0.999702   -0.020696  -0.0129405      1.1943
   0.020738    -0.99978 -0.00312563   -0.933582
          0           0           0           1
Rt[ 127 ]= 
 -0.0114114 -0.00685788    0.999911     126.919
  -0.999791  -0.0168927  -0.0115259     1.03967
  0.0169702   -0.999834 -0.00666368   -0.937533
          0           0           0           1
Rt[ 128 ]= 
 -0.0124999 -0.00571855    0.999906      127.92
  -0.999758  -0.0180074   -0.012601     1.07588
  0.0180777   -0.999822 -0.00549208   -0.943906
          0           0           0           1
Rt[ 129 ]= 
 -0.0141154 -0.00516955    0.999887     128.921
  -0.999773  -0.0158899   -0.014196     1.18683
  0.0159615    -0.99986 -0.00494409   -0.953758
          0           0           0           1
Rt[ 130 ]= 
-0.0181134 -0.0131409    0.99975    129.924
 -0.999766  -0.011615 -0.0182664    1.41429
 0.0118521  -0.999846 -0.0129275   -0.96669
         0          0          0          1
Rt[ 131 ]= 
 -0.0164582 -0.00919508    0.999822     130.923
  -0.999777  -0.0130475  -0.0165775     1.33991
  0.0131976   -0.999873 -0.00897829   -0.977585
          0           0           0           1
Rt[ 132 ]= 
 -0.0184259  -0.0064465    0.999809     131.923
  -0.999717  -0.0149042  -0.0185203     1.34181
  0.0150208   -0.999868 -0.00617006   -0.985002
          0           0           0           1
