%YAML:1.0
---
E: !!opencv-matrix
   rows: 3
   cols: 3
   dt: d
   data: [ 1.6552151170133949e-03, -2.5833298356605477e-01,
       -6.5036427332361357e-01, 2.6592083708734149e-01,
       1.4789679852459338e-03, 1.0104857434015226e-01,
       6.4833215135322675e-01, -9.4983577508538669e-02,
       -2.0712447198935795e-03 ]
K: !!opencv-matrix
   rows: 3
   cols: 3
   dt: d
   data: [ 600., 0., 640., 0., 600., 360., 0., 0., 1. ]
R: !!opencv-matrix
   rows: 3
   cols: 3
   dt: d
   data: [ 9.9994964421878485e-01, 9.9369508849834580e-03,
       -1.4021532850479806e-03, -9.9202225195041439e-03,
       9.9988498836212092e-01, 1.1471670900233833e-02,
       1.5159854514063651e-03, -1.1457183562691101e-02,
       9.9993321513635269e-01 ]
t: !!opencv-matrix
   rows: 3
   cols: 1
   dt: d
   data: [ 1.4344087178355500e-01, 9.1550325688146805e-01,
       -3.7587032729572895e-01 ]
points3D: !!opencv-matrix
   rows: 4
   cols: 217
   dt: d
   data: [ -1.7466062196427952e+00, -3.6694987211067511e+00,
       -5.1334359702295744e+00, -3.6694987211067511e+00,
       -3.8917550525539086e+00, -3.8917550525539086e+00,
       -1.8133175518682045e+00, -2.6625224688949287e+00,
       -2.5813692936187489e+00, -5.6100380911327550e+00,
       -2.0639718665597240e+00, -4.3955707979472232e+00,
       -5.1334359702295744e+00, -2.5813692936187489e+00,
       -2.0639718665597240e+00, -1.8133175518682045e+00,
       -2.0744575061121924e+00, -5.7376085878921055e+00,
       -2.9044004956122040e+00, -2.3428210974008379e+00,
       -2.4100415739203882e+00, -4.6061929113452642e+00,
       -2.7200346711373884e+00, -4.4915319390534387e+00,
       -5.0061632559020381e+00, -7.7965784104039637e-01,
       -3.6756198035492549e+00, -5.3067891944665595e+00,
       -2.4100415739203882e+00, -3.4798962453649658e+00,
       -3.1115753116527811e+00, -7.7965784104039637e-01,
       -2.8215690618701688e+00, -5.6100380911327550e+00,
       -3.8113879819251615e+00, -1.5240937405183925e+00,
       -3.2884141313443163e+00, -4.8213719061417937e+00,
       -1.6598921307639158e+00, -3.9410589737038313e+00,
       -2.9498755997682107e+00, -4.1098535758726138e+00,
       -2.9498755997682107e+00, -6.3152572018954931e+00,
       -2.9350780422135347e+00, -1.0803422019512594e+00,
       -1.3755105046904630e+00, -1.0506007543484541e+00,
       -7.3921287319273898e-01, -3.1115753116527811e+00,
       -4.0938628652806361e+00, -4.3955707979472232e+00,
       -2.3663240060548514e+00, -6.1635443883808803e+00,
       -4.3469419599263679e+00, -2.7467100660682111e+00,
       -2.7467100660682111e+00, -6.1335464596606197e+00,
       -9.4485567205873344e-01, -6.0698006805123823e+00,
       -2.8215690618701688e+00, -1.4687631815327951e+00,
       -3.5572453455505011e+00, -4.7830002396765181e+00,
       -9.0562628993720073e-01, -4.8413735228506605e+00,
       -4.3870248830896283e+00, -2.8500530784848959e+00,
       -3.3314447626142734e+00, -3.0775836012392253e+00,
       -2.9905204977306208e+00, 1.5218160086176288e+01,
       5.4718230410069850e+00, 1.8851588180866987e+01,
       -4.5105306002495338e-01, -3.9684588877368321e+00,
       -4.2712909557555694e+00, -2.8500530784848959e+00,
       -3.9972194466662114e+00, -4.3870248830896283e+00,
       -3.0933004909982422e+00, 5.8408613073052917e+00,
       -3.3685950725556100e+00, -8.8924928977896378e-01,
       -3.6308608802403910e+00, 6.8628467460701401e+00,
       -6.8162211060586646e+00, 5.8338667741062249e+00,
       -2.9071842202189044e+00, 6.4584929883782518e+00,
       1.9181989419415405e+01, -1.0506007543484541e+00,
       5.8408613073052917e+00, -6.0759055382671523e+00,
       3.2400992077469168e+00, -4.8077108632027293e-01,
       6.3159436006882584e+02, -3.3434529534701447e+00,
       2.2232920090152262e+00, -2.9942667492892201e+00,
       1.8403957503540878e+00, 3.1633360841958691e+01,
       -4.8077108632027293e-01, 5.6398255439055465e+00,
       -2.3245493582800187e+00, 4.1795027019122104e+00,
       -9.3459851614075318e-01, -4.1486940313672871e-01,
       -6.2476743038270017e+00, -6.0332007765049118e+00,
       -3.9132873831055720e-01, -1.4687631815327951e+00,
       -6.0759055382671523e+00, 1.9288544374867551e+00,
       -6.2476743038270017e+00, -1.3781714002771526e+01,
       1.5691363335236344e+01, -1.5790173730072277e+00,
       1.8403957503540878e+00, -4.8337778286100006e+00,
       6.3497856609872487e+00, 1.8532288148810778e+01,
       1.9288544374867551e+00, -2.8945625551200909e+00,
       -4.3674088029204601e+00, -1.1594895345700302e+00,
       1.3141621108838195e+00, 3.3417829378650623e+00,
       3.9744481222926757e+00, -2.6368291567755698e+01,
       -4.2558303290761907e+00, -4.7108173727821301e+00,
       -2.4361920808003288e+00, 3.9744481222926757e+00,
       -2.6827244430737243e+00, 6.1099199644873261e+00,
       2.9540528867119025e+00, -4.6356709924756228e+00,
       2.2555067763463938e+00, -1.7677670791571061e+00,
       -8.8916258337892906e-01, -3.1630089231072378e+00,
       6.4458528151895553e+00, -2.8019339917544381e+00,
       5.7344228694168695e+00, -5.9527790873892297e+00,
       -4.5500843067502199e+00, -4.5500843067502199e+00,
       9.1972192335107239e-01, -2.3975490451978829e+00,
       1.8764102095981092e+00, -4.5283032558312106e+00,
       -1.0247779416975209e+00, -5.2474466903259442e-01,
       -2.0763558911212345e+00, -1.2730772967326718e+00,
       -1.2051606879748673e+00, 5.7344228694168695e+00,
       -1.1743644805239315e+00, -1.0247779416975209e+00,
       -4.8266592926052615e-01, -6.5086356816068855e+00,
       7.1451727882074800e-01, 3.6640892795227780e+00,
       1.8764102095981092e+00, -3.8662486437210970e+00,
       -7.3047027426802034e+00, -1.7402090007007482e+00,
       -3.8662486437210970e+00, -5.6989521937059162e-01,
       1.2857206365114257e+01, 1.4715849867845405e+00,
       1.1713558195335860e+01, 2.7532865066576424e+01,
       1.4715849867845405e+00, 1.9905905937812935e+00,
       1.5669496550248943e+00, -1.5160410574471841e+00,
       -8.0083568732541437e+00, -3.3077996891135832e+00,
       -1.4037127289896738e+00, -2.3417168555884516e+00,
       -1.1955669646158626e+01, -4.5500843067502199e+00,
       -2.6772681785434318e+00, -2.8280466666259940e+00,
       -2.7088605674074508e+00, 4.0935061911032271e+00,
       -2.3417168555884516e+00, -1.4777126985940381e+00,
       -1.1955669646158626e+01, -8.6391074928147260e-01,
       3.3981361525563130e+00, -7.9079648955174042e-01,
       -2.7186307710734146e+00, 2.4810217291003509e+00,
       -6.9767906759833076e-01, -6.9767906759833076e-01,
       -1.3224164744592619e+00, -2.5951486594642996e+00,
       1.5083742376826446e+00, -1.3242416604945100e+00,
       -1.2026108214657918e+00, -4.3674088029204601e+00,
       -2.3958012249355027e+00, -1.5659981550281989e+00,
       4.0089984480620720e+00, -1.0601692602272973e+01,
       -1.2034182806785856e+00, -4.3457577631654072e+00,
       2.3752529282934676e+00, 5.6332836132459887e+00,
       5.6332836132459887e+00, -1.8533352378764443e+00,
       2.6312459595270508e+02, 1.4348050626964179e+00,
       -4.7241888606983125e+00, -3.8993664762598024e+00,
       -8.6098437608760747e-01, -1.2271893890989101e+00,
       -8.6098437608760747e-01, -1.1806021075826818e+00,
       -1.1806021075826818e+00, -6.5839112106316511e-01,
       -1.5432128471381652e+00, -1.2949551546475508e+00,
       -9.5804676821308710e-01, -1.0855679277118404e+00,
       -6.7069306792676953e-01, -1.2271893890989101e+00,
       -1.2949551546475508e+00, -1.0855679277118404e+00,
       -6.5839112106316511e-01, -7.6742284320402254e-01,
       -2.4238707134778594e+00, -2.0267706350978250e+00,
       -2.2328145071298304e+00, -1.1034076223774016e+00,
       -7.4197722852013059e-01, -1.8124758961431169e+00,
       -2.3791274736581389e+00, -8.1219400028315181e-01,
       -1.0261795845139308e+00, -1.9110399239427667e+00,
       -9.4834131636184149e-01, -1.1034076223774016e+00,
       -4.0845730886027649e+00, -1.6951490668528573e+00,
