%YAML:1.0
---
E: !!opencv-matrix
   rows: 3
   cols: 3
   dt: d
   data: [ -1.8892304803497963e-04, -7.0630257395452678e-01,
       -3.1973356494552685e-02, 7.0629700945368712e-01,
       -2.8723722188061683e-04, 1.2663417642348452e-02,
       3.1366045633395921e-02, -1.0705028096042698e-02,
       7.8407415173206601e-05 ]
F: !!opencv-matrix
   rows: 3
   cols: 3
   dt: d
   data: [ 1.0487460973873986e-06, 4.4046126279683280e-03,
       -1.1020596281620914e+00, -4.3983807310718640e-03,
       -1.8478339622152336e-05, 3.3513574648703357e+00,
       1.0980176190708875e+00, -3.3456063523409960e+00, 1. ]
K: !!opencv-matrix
   rows: 3
   cols: 3
   dt: d
   data: [ 500., 0., 754., 0., 500., 280., 0., 0., 1. ]
R: !!opencv-matrix
   rows: 3
   cols: 3
   dt: d
   data: [ 9.9999602992975722e-01, -3.9376984085559027e-04,
       2.7901738362562725e-03, 3.9138869210568965e-04,
       9.9999955883491676e-01, 8.5389979724952278e-04,
       -2.7905088453162802e-03, -8.5280436471878553e-04,
       9.9999574288348836e-01 ]
t: !!opencv-matrix
   rows: 3
   cols: 1
   dt: d
   data: [ 1.5121733599683194e-02, 4.4364381827289481e-02,
       -9.9890096345835144e-01 ]
points3D: !!opencv-matrix
   rows: 4
   cols: 117
   dt: d
   data: [ -5.4414270463803405e+01, -1.5639916191640776e+01,
       -7.3652755661315680e+01, -2.0939079037461676e+02,
       -4.5738206845860391e-01, 3.2894400418353347e+00,
       7.9436481940541540e+01, -1.7645876557310635e+02,
       -8.6065664004470275e+00, 1.5858621521554078e+03,
       5.3120456026835632e+02, -1.8659707369125724e+00,
       -2.4227654948150548e+01, -1.7645876557310635e+02,
       -5.9926003125463239e+01, 9.0518329803040076e-01,
       -6.2054925858015835e+01, -3.5200987586260641e+02,
       -7.9829353069886110e+01, 1.2806220883526515e+02,
       -5.3539553819734131e+01, -2.8472980478945266e+02,
       -1.5961586688894929e+00, 3.3083037918857454e+00,
       -2.3286351438443315e+01, 4.7202284674296806e+01,
       -2.5179701482850593e+01, -2.3286351438443315e+01,
       6.9641116840588495e+00, -9.0693962588475983e+01,
       -7.5309429613003317e+01, -5.3539553819734131e+01,
       8.0444117708569172e+02, -6.0459122461763137e+01,
       -2.8235648732629478e+01, -7.1221457945072672e+01,
       -2.8235648732629478e+01, -4.9838665920254526e+00,
       2.3476642624496979e-01, -4.2003866114804276e+02,
       -3.2321379895923997e+01, -4.8430957218767929e+02,
       5.1840819723103422e+01, -4.4543299014461599e+00,
       9.1955397049774923e-01, -3.7055586347871019e+00,
       5.3257031639952368e+00, -4.7903589368181843e+00,
       -3.4941078836494498e+01, -5.0243274280099044e+01,
       -1.3808155764552941e+01, -4.8359141421909669e+01,
       -2.8445819911673045e+00, 6.2352510399930470e+00,
       -2.6290396398975304e+01, -3.0980301278575912e+00,
       -4.1151077287116649e+01, 4.3171769063199174e-03,
       -1.0704542825751270e+01, 4.7680378998653528e-01,
       -1.5461900551891551e+01, -4.8235787197054613e+01,
       -4.8270877656560600e+00, 1.5913877995577980e+02,
       -7.1221457945072672e+01, -3.2108047411830611e+01,
       1.8388827635036264e+02, 4.4213130877641521e-01,
       -9.0147558136235830e+02, 9.5939111652831455e-01,
       -6.7829296481881807e+00, 2.7616127671584628e+01,
       -8.2619434387122102e+00, -3.4001004081290156e+00,
       3.1487536680614021e+01, 6.6031812200741964e+00,
       -3.1443867588675069e+01, -2.2718918442337277e+01,
       6.5582289560728659e+00, -3.1443867588675069e+01,
       -6.8122142965173680e+01, -3.3503467457156773e+00,
       -2.2142377969624494e+01, -5.0573214153240214e+00,
       4.1374605193004145e+03, -8.5911535588958525e+00,
       -5.1112604740508916e+00, -2.5164187714734741e+01,
       -1.2799417151898519e+01, -2.4648045816363995e+02,
       1.7822100964863761e+01, 1.6206093056699431e-02,
       -7.2174161359064737e-01, -8.1849699999332714e+01,
       -7.3407774524622994e+01, -6.4061750645544824e-01,
       -2.3777236312482998e+01, -2.2374664771796159e+01,
       1.8304358265729388e+02, -8.5911535588958525e+00,
       -1.7562794296794746e+00, -6.9910854533911104e+00,
       -5.6208131770524516e-01, -5.0573214153240214e+00,
       -2.6812074986417638e+01, 3.3199359744368535e+00,
       -1.0426516342969157e+01, -7.3291476946915429e-02,
       -5.4813946586234678e+01, 2.3999492501670550e-01,
       1.6914924650465260e-01, -6.5264034319548014e-01,
       1.7105899405953852e+02, 1.2306156328072957e+01,
       1.2399899696789763e+01, 5.9411629302453903e+01,
       -4.3849358685750767e-02, 4.1659303796654100e+01,
       1.1581492237352956e+01, 4.0502414818125504e+02,
       1.4792634749144960e+02, -1.3533998718753655e+00,
       6.0690597961752193e+00, -2.4148040714553979e+01,
       8.2834226051495264e+01, 3.2759575510616341e+00,
       -8.8548070205547447e+03, -2.0846153912321765e+02,
       6.0884019499474382e+00, -1.0253877525454881e+01,
       8.2834226051495264e+01, -1.6077297186708794e+01,
       2.0930585377113262e+00, -1.1573991135015394e+01,
       2.5142902800670691e+02, -1.5663060605128624e+01,
       -4.1444943778530032e+01, -1.1105716479243197e+01,
       1.5291668033172812e+02, -1.2026176535460638e+00,
       -1.3049443649864427e+01, -1.0355119783592553e+01,
       -2.1642897087151120e+01, -1.0223701213388741e+01,
       -1.0355119783592553e+01, -3.1839717680217433e+01,
       4.0619168750161913e+02, -1.2887014717892967e+01,
       -1.1105716479243197e+01, -3.3165983793018393e+02,
       -1.3203415525692032e+01, -1.1435392970327664e+01,
       -1.2929627785306348e+01, -1.1435392970327664e+01,
       4.3022631264692118e-01, 5.1478684956083320e-01,
       3.3862585523056964e+02, -1.2315729130781035e+01,
       2.6729018745473013e+03, -2.8219727910310087e+02,
       -3.7884551901295282e-01, -3.7077412626403818e+00,
       -2.5436320522151905e+00, -9.7778900065890095e+00,
       2.6913747268781312e+00, 2.4827821431549012e+01,
       -9.7294296829938300e+00, 8.3437363976072163e+00,
       -1.0106057724557392e+02, -5.8694416925856547e+00,
       -5.0384043956435542e+00, -1.1613120439241316e+01,
       -6.0095234948274694e+00, -1.1413293281261570e+01,
       1.3819431830497102e+00, -8.2211090369287181e+00,
       1.0706263037679506e+00, 8.5962112605704686e+00,
       -1.0625098769788547e+01, 9.2088780014528093e-01,
       -6.4473511007548893e+01, -1.2929627785306348e+01,
       2.4542927339770728e+01, -1.5582200111132261e+02,
       1.0063693264312676e+00, 6.6734378511323484e+02,
       1.9882866849566045e+00, -4.9202815407579319e+00,
       4.7671326674818154e+01, 1.7759475422940316e+00,
       1.4955313344981940e+00, 7.3819315253040457e+01,
       -1.0987955672393229e+01, -1.2171876286472189e+01,
       -1.0278661343254543e+01, -1.3113494685622181e+01,
       -1.2171876286472189e+01, 3.4170563736633035e+01,
       3.5090746546274378e-03, -9.4047449838007733e+00,
       6.3354740934937726e-01, -2.3920287556269373e+03,
       -5.6380256891140004e+00, -1.0209137427920187e+00,
       1.0578907839882851e+02, 7.2008553317525852e+00,
       1.3231364814798749e+02, 3.3098423336532612e+01,
       4.9045587549068942e-01, -9.8254516257269298e-01,
       -1.4426745056596989e+01, 6.1310755987580045e+01,
       3.4187699552726638e+00, -1.0769207318761184e+01,
       -1.0000319876267557e+01, -7.5828244920386140e+01,
       -5.6380256891140004e+00, 1.4409027302123441e+00,
       3.3578821915005967e+00, 2.7454770850009189e+00,
       6.3354740934937726e-01, 2.6721965237006135e+01,
       6.2620967032711281e+00, 3.1166570971252767e+00,
       2.7443591389879196e-01, -1.3594252672248480e+01,
       -1.2921524858531210e+00, 3.5814356777460238e-01,
       -1.4938564364555116e+00, -5.5942232710027376e+01,
       -1.0339428127702467e+01, -1.0261115646923763e+01,
       -3.4317960142122807e+01, -1.1450977678567684e+00,
       1.6528318840296902e+02, -2.1150399929740630e+02,
       6.9227540896505116e+02, -9.2384395354211313e+02,
       1.8821206311493274e+01, 4.9080299830173701e+01,
