%YAML:1.0
---
E: !!opencv-matrix
   rows: 3
   cols: 3
   dt: d
   data: [ 5.1883538687693291e-02, 6.5749925541861498e-01,
       -2.4290085668264816e-01, -6.5561830290313217e-01,
       5.9731537785413812e-02, 9.7812556865244316e-02,
       2.3077059354344442e-01, -9.8636943103117602e-02,
       -6.8684774596543792e-03 ]
F: !!opencv-matrix
   rows: 3
   cols: 3
   dt: d
   data: [ -9.4696218505591322e-07, 4.0191947045500505e-03,
       -1.1048334668217570e+00, -4.0126345202113637e-03,
       1.5219507986985782e-05, 2.9360133912512398e+00,
       1.1061117382281251e+00, -2.9501988985839258e+00, 1. ]
K: !!opencv-matrix
   rows: 3
   cols: 3
   dt: d
   data: [ 2000., 0., 640., 0., 2000., 360., 0., 0., 1. ]
R: !!opencv-matrix
   rows: 3
   cols: 3
   dt: d
   data: [ 9.9546980004464647e-01, -8.9941737654634368e-02,
       -3.0827926085560068e-02, 8.9787012213852907e-02,
       9.9594061912276166e-01, -6.3698994560487674e-03,
       3.1275703617686015e-02, 3.5730951618459972e-03,
       9.9950440887180814e-01 ]
t: !!opencv-matrix
   rows: 3
   cols: 1
   dt: d
   data: [ 1.0956277981180851e-01, 3.3772618498330859e-01,
       9.3484598798760932e-01 ]
points3D: !!opencv-matrix
   rows: 4
   cols: 111
   dt: d
   data: [ -6.1778641770612142e+00, -5.5702039475031082e+00,
       -6.1100015367587712e+00, -5.3383759638362860e-01,
       -2.4641046775178310e+01, -6.1445807777954711e+00,
       -1.5432538964592128e+01, -6.9094906094644826e-01,
       -2.0694256711232071e+00, -2.5221280389756984e+01,
       -2.0230198238753130e+00, 3.4220776746907362e+01,
       -1.7140211532778007e+01, 4.9816361499499523e-01,
       -7.2056724071082732e+00, 1.5818464191849710e+00,
       -1.6343244936640287e+00, 1.2879341150337185e+00,
       -2.1595450047749214e+00, 1.0047222221380350e+00,
       -7.4660077882975140e-01, -2.7859700297890182e+00,
       4.4632151922542622e+00, -2.0613068321816186e-01,
       8.8827104812787183e-01, -8.8180996945846557e-01,
       -3.9986024328078434e-01, 1.9810843990211133e+01,
       9.1096701375037137e-01, 2.1007370866017161e+00,
       1.5858810427655621e+00, 1.0834571058646738e+00,
       -1.0334078618975817e-01, 7.4684801651972754e-01,
       4.9611208856574152e-01, -1.4650841701218009e+00,
       1.4073598346442520e+01, -2.1255799577438519e+00,
       6.1360321962412456e-01, 6.0462327060483183e+00,
       1.6295093677814569e+00, 7.4593534178723508e-01,
       -2.2997207959443551e+00, -2.0230198238753130e+00,
       -1.3595951160267949e+01, -4.1203326049197333e+00,
       -7.8993373945674972e-01, 6.3250158332370354e+00,
       4.1025228407376972e+01, 1.5551263542186906e+01,
       -1.9045365701816389e-01, -7.6795636872252384e+00,
       -2.1579827293358198e+00, -2.1579827293358198e+00,
       1.9810843990211133e+01, -3.2897666678744630e+00,
       -2.1953188742924259e+00, 2.9523258091105131e+01,
       2.0307821674980100e+00, 4.1025228407376972e+01,
       -6.9917414601080197e-01, 1.3820141017728704e+00,
       -3.9295792294573779e+00, 1.4461614225584660e+00,
       5.4042489849626856e+00, 1.0993027616717704e-01,
       -3.2301516396653529e-01, -2.7421079502727214e-01,
       -7.5239793814634592e-01, -2.5948155183699084e-01,
       9.5346782610664238e-01, -2.9990856964609514e-01,
       4.7065258518582063e+01, -1.5932844498764878e+01,
       -6.6579459759537363e-01, 1.1720012766770099e-01,
       -4.8037127538102997e-01, 8.3927672514634982e-02,
       3.9503034581959334e-01, 1.3706311563494964e+00,
       -5.2180309238998319e+00, -2.0469175058756591e+01,
       -1.0156042695717218e+00, 7.2436762085036854e-01,
       -2.1255799577438519e+00, 1.7244197823946343e+00,
       1.0573516149655489e+00, -2.7449135425670934e-01,
       6.3992062053810159e+01, 2.3668225359205417e+00,
       2.0485320855118201e+00, -7.0326611775212458e+00,
       1.4199636662300137e+00, 1.6150361089727100e-01,
       -1.0330205030501891e+00, -4.4636130286487674e-01,
       -6.7918564118155245e-01, 2.4574641536181062e+01,
       -7.1898478894715416e-03, 2.1743151174264592e+00,
       -3.7834522639725652e+00, -2.0857899233609971e+00,
       -5.5517805491263745e+00, -2.0328907970242920e+00,
       8.3927672514634982e-02, -5.2180309238998319e+00,
       -5.8730441351193785e-01, -6.5861251021539058e+00,
       1.8220359012162843e+00, -4.1720939038971796e+00,
       -5.4423623797645415e-01, 3.9304086992105089e+00,
       2.6060057904476053e+00, 3.0341565930501129e+00,
       -4.7407964891330878e-01, 1.2527950310064098e+01,
       3.2275441777767377e+00, 1.0073274104621566e+01,
       -2.2172525618287584e+00, -1.4958488380066022e+00,
       -1.0633075140102074e+01, -1.4392223607249166e+00,
       1.1692292408204365e+01, 1.1188046247184971e+01,
       -2.0859011402434517e+00, 2.5123475790535874e+00,
       -2.5601689082129573e+00, -9.1406422573568280e-01,
       3.7966069484337284e-01, -2.5532666373223272e+00,
       -5.8718261906792291e-01, -2.1334006752188279e+00,
       -2.4769348895579624e+00, -4.2098715035363288e+00,
       1.4282499334363441e-01, 3.3392207352382292e-01,
       -2.0009712916112372e+00, -4.3242008371873736e-01,
       1.4586090886218622e+01, -5.8685694822763124e-01,
       -1.9823876665305959e+00, -2.8866163072223694e+00,
       -5.5695141550015048e-01, -2.0811631868201874e-01,
       -1.5291441837873674e+00, 2.5909376905212850e-01,
       -7.7703065715934905e-01, 6.5124991443687863e+00,
       -2.8582109301137604e+00, -3.5156616439068838e-01,
       -5.1965877905098052e+00, -1.6723996002630039e+00,
       1.2165837110149325e-01, -1.6042961424195916e+00,
       -1.4392223607249166e+00, 9.1599452148081966e+00,
       -2.6538612343700017e+00, 7.2684772863689640e-01,
       -2.0436528664809948e+00, -1.1151073093307019e+01,
       1.0852871578197536e+01, -2.0520323074272513e+00,
       4.3969995758046894e+00, -1.5390563791973015e+00,
       -1.5390563791973015e+00, 1.4586090886218622e+01,
       -2.3058730616926488e+00, -2.8948550288697317e+00,
       2.0833626021480892e+01, -3.0726748084698672e+00,
       -1.1151073093307019e+01, 6.4958786110425037e-01,
       -1.2718131480549337e+00, -2.8283314573860614e+00,
       -3.2952821388748275e+00, -4.3639224375210892e+00,
       -3.6399428022382834e+00, 3.8569327384741336e-01,
       -6.2437082134461933e-02, 7.0062303046223862e-01,
       -2.2398296529868644e+00, -4.4949531816610622e-01,
       -2.2302714487555475e+00, 3.1307370178344634e+01,
       1.0180283151782811e+01, 2.5246734211592697e-01,
       -8.6125334710308518e-02, 4.7034510801035621e-02,
       -6.8921267607788839e-01, -2.9511315707471089e+00,
       -1.1976260842156898e+00, -2.1721239131582863e+00,
       1.3317626784022128e+01, 6.7849046674095803e-01,
       -1.1364794336603747e+00, -2.8582109301137604e+00,
       5.8855890187235771e-01, -1.4460635990120252e+00,
       3.4586181627321527e-01, 4.2954690450724684e+01,
       -1.6757816121401496e+00, -1.4087135223193286e+00,
       3.8299912002365279e+00, -8.1998405268843588e-01,
       -3.9937988773257477e-01, -4.4236252012850423e+00,
       4.7004540027373759e-01, 6.1674714317134105e-01,
       -2.0216168626039632e+01, 2.6050986028065987e-01,
       -1.5093509153024576e+00, -2.4158646207413152e+00,
       2.0975800911382740e+00, 6.1130669437319227e+00,
       -1.6330044284768113e+00, -6.8921267607788839e-01,
       -2.1721239131582863e+00, -2.0482372175336296e+00,
       3.3990891489159614e+00, -3.0018462214261277e+00,
       -2.7809360066671220e+00, -2.3336219536453995e+00,
       -3.3594651732369762e+01, -2.7734754384095602e+01,
       -3.4684743012006372e+01, -3.9358806991136288e+00,
       -2.2097610009149099e+02, -3.3621166954529457e+01,
       -1.2953601801089667e+02, 2.6403018125328948e+01,
       1.8419846643345480e+01, -2.1819443420528299e+02,
       1.8296877760011277e+01, 3.0285018486405590e+02,
       -1.4700301750211185e+02, 3.3294601171149019e+01,
       -4.6780589229799190e+01, 4.2283944556963249e+01,
       1.9316929354147998e+01, 1.1373700270801791e+01,
