%YAML:1.0
---
E: !!opencv-matrix
   rows: 3
   cols: 3
   dt: d
   data: [ -5.9103534438297123e-01, -3.3677108501565617e-01,
       9.3429222771695877e-03, -3.7210032397291798e-01,
       5.9165836232520852e-01, -9.0087179859665543e-03,
       -1.1047530282278729e-01, -1.9066734021427464e-01,
       4.1127633996556759e-03 ]
F: !!opencv-matrix
   rows: 3
   cols: 3
   dt: d
   data: [ 3.5745399130765138e-06, 2.3358019099994102e-03,
       -6.3472278954858108e-01, -2.3419414441861403e-03,
       -1.4229001060894170e-06, 1.7302353193743032e+00,
       6.3080452584238333e-01, -1.7255224725209850e+00, 1. ]
K: !!opencv-matrix
   rows: 3
   cols: 3
   dt: d
   data: [ 1000., 0., 754., 0., 1000., 280., 0., 0., 1. ]
R: !!opencv-matrix
   rows: 3
   cols: 3
   dt: d
   data: [ -4.7499134686226563e-01, 8.4081581312602716e-01,
       2.5963818826048757e-01, 8.3601951752464043e-01,
       5.2326764145861404e-01, -1.6511311795313738e-01,
       -2.7468998293319380e-01, 1.3863529059931565e-01,
       -9.5148603220257777e-01 ]
t: !!opencv-matrix
   rows: 3
   cols: 1
   dt: d
   data: [ -2.7267257944576295e-01, 1.5100049132470481e-01,
       9.5018341178853027e-01 ]
points3D: !!opencv-matrix
   rows: 4
   cols: 187
   dt: d
   data: [ 3.3791854722506720e-01, -3.6073449619610752e-02,
       1.0175796888429086e-02, -6.4849495917624803e-02,
       1.0175796888429086e-02, -2.4962177386797648e-02,
       -3.3921672742060940e-02, -6.3152873566143575e-02,
       -1.2444471169630643e-02, 9.0368136275647635e-03,
       -3.8085111459928558e-02, -1.1968903799824390e-01,
       -1.2500663512404167e-01, 3.4362717192956044e-01,
       6.2038648406045338e-02, -1.2398732113893535e-01,
       9.0368136275647635e-03, -1.3665200989505669e-01,
       9.0408782296142794e-03, 7.5596712591086144e-03,
       1.1698997013233361e-01, 8.8186444997808908e-02,
       -1.1863630286177428e-01, -1.2253810866518040e-01,
       3.8170798801632838e-01, 2.5687040348903001e-01,
       -1.3158275453068402e-01, 7.3889975013711945e-02,
       2.5693579564343449e-01, 8.8728013450136312e-02,
       2.9448152525689686e-01, -1.0017762948412905e-01,
       2.8277196058780441e-01, 3.3529649364556430e-01,
       2.8277196058780441e-01, 1.6817903205296639e-01,
       -1.3919993198760749e-01, -3.4243051187203527e-02,
       3.9422592421458352e-01, -6.4727958280849790e-02,
       4.5142271239344967e-01, 6.9923495434863073e-03,
       -2.3353581480970349e-02, -4.0754130286608972e-02,
       -1.2128942997252852e-01, 2.9448152525689686e-01,
       2.0753353863216115e-02, 9.0408782296142794e-03,
       -1.2075380202620754e-01, 2.0753353863216115e-02,
       7.0347774903948244e-03, 1.5836994389057399e-01,
       -2.3820621769141948e-02, -1.3427247890132615e-01,
       2.5794927890871450e-01, -1.2375682278358416e-01,
       -4.2930044671452103e-02, -1.3603513035954157e-01,
       -5.1020859199374526e-02, 7.9967885902198013e-03,
       9.9460001554292160e-02, -2.8173642300941208e-02,
       -6.4321007040337025e-02, 7.6623732203483438e-03,
       -1.2431798880061025e-01, 4.9929057149964831e-02,
       1.2258037669567444e-01, -1.3158275453068402e-01,
       2.8672112219085773e-02, -1.3031557468105601e-01,
       7.8241112219343423e-03, 6.6318516543913367e-02,
       2.5093587578904575e-01, 8.1173184721463308e-03,
       3.4362717192956044e-01, 8.4595314332419104e-03,
       -5.7978613575583419e-02, -6.6610011552503165e-02,
       5.3764806322322134e-01, -6.9573651422340885e-02,
       4.3490295893611397e-01, 9.6454660106504737e-03,
       1.4302610349966252e-01, -2.0706327130948993e-01,
       -1.2589153047656951e-01, 2.5093587578904575e-01,
       7.6067967837455217e-02, 1.3159706148325195e-01,
       -1.2398732113893535e-01, 1.2968534554592642e-01,
       9.4087202085889922e-03, 1.5773952489521281e-01,
       1.4224454133437378e-01, -1.2435916151762548e-01,
       2.6666278291957241e-01, 1.3268421580467984e-01,
       -6.5314547481865853e-02, -4.6035066613619738e-02,
       2.4614072456358025e-02, -8.7583189947805479e-02,
       4.7217132515455347e-02, 7.7438020944355585e-03,
       -2.0577850051756025e-03, -5.3078649592688341e-02,
       9.7683745985754619e-02, -1.3431936032872427e-01,
       4.8736058383060127e-01, 3.2044572374101077e-01,
       -1.4017963738200095e-01, 9.7585660942725555e-02,
       -6.7445653273494666e-02, -1.5812195947911806e-01,
       1.8334525242014232e-01, 2.2047918334435401e-01,
       -3.1277059706514260e-02, 2.3917110588304169e-01,
       -4.5279058385290762e-02, 4.0371175077093246e-01,
       6.7561985359336201e-03, 6.2086123661103741e-02,
       -1.2435916151762548e-01, -1.2088226904189196e-01,
       -1.3935816737332463e-01, -1.2780868906755630e-01,
       -1.3408404939312971e-01, -2.6433658517425285e-02,
       4.7297377907701478e-02, -3.3659697721097628e-02,
       4.7295960137262463e-02, -6.4752973272020301e-02,
       -3.8331484848138066e-02, 2.3076128687355690e-01,
       -8.3872325529769420e-02, 7.9917525794923158e-02,
       1.4224454133437378e-01, -4.5474931490019493e-02,
       5.3429391911596590e-02, 1.1865585285140755e-01,
       2.2924882763048927e-03, -5.4954442831654945e-02,
       1.7878610182333093e-01, 1.5223817984080867e-01,
       3.3708824218768607e-01, 1.2430672907177291e-01,
       -4.3008355568156457e-02, -6.9581650483440421e-02,
       1.1447631998980131e-02, 3.7417560508547096e-02,
       -1.1118982008070060e-02, -1.4741464562231603e-03,
       -7.5269682201812876e-02, 3.1813787111736880e-02,
       -4.7740147455235513e-02, 5.0173664482740951e-02,
       -1.0027161562561801e-01, -7.5153931247249395e-02,
       3.7484508371672753e-01, 5.0465127557644117e-02,
       6.4157937780573004e-01, 7.8302846244846271e-03,
       -6.1895898731299602e-02, -5.8084091434439038e-02,
       1.3807963507119092e-01, 3.6699474469817993e-02,
       1.5257678564297669e-01, 6.1581871986196461e-02,
       1.7769680027217910e-03, -8.8237317761108908e-02,
       -7.6697710277230685e-02, -2.5302780357905869e-02,
       3.3708824218768607e-01, 9.6454660106504737e-03,
       -1.3508092942452404e-01, 1.0845248087949312e-01,
       1.0571610089734357e-02, -1.3765200462655708e-01,
       1.9488533850276501e-02, -2.5592714144322251e-02,
       6.7422802089163097e-02, -1.6198077172585973e-01,
       1.6675167655248863e-01, -1.2375682278358416e-01,
       7.0344832708350125e-02, -1.3955000891956212e-01,
       4.6949328832736094e-02, 4.0451987770284255e-02,
       -6.7556653291281368e-02, -1.8036828533397756e-01,
       4.7702920698846865e-02, 6.8061938204642541e-02,
       8.0258686613830389e-03, 6.8061938204642541e-02,
       1.1846025795736453e-01, 1.5480828580084530e-03,
       3.5878125893553089e-02, 3.9556847371471200e-02,
       1.1368402276793237e-01, 4.8535239904530007e-02,
       -5.3147906020194195e-02, -5.8329611916468016e-02,
       -1.8692555246871678e-01, 3.9071707928391161e-03,
       -5.6510920049572547e-02, 1.1368402276793237e-01,
       -9.4275874763390458e-02, -2.2634717553000196e-02,
       7.8639523980582229e-02, -2.3135480466016236e-02,
       -7.1519725887680278e-03, -5.1913155889203783e-02,
       -5.2980341362366276e-02, -2.0883390599940160e-01,
       -1.3786137633559289e-01, -1.4007509712147367e-01,
       -2.5622395957301824e-02, -1.4964338435689256e-01,
       -6.0740028607146161e-02, -1.5730438243757733e-01,
       -2.1473182463610373e-02, -1.5098292726581164e-01,
       -1.7698252918947777e-01, -1.5098292726581164e-01,
       -4.8909888064007215e-02, -1.2869080744828545e-01,
       2.0118660341433357e-02, -2.1673847165344037e-01,
       3.6727163245292745e-02, -2.5349715580075749e-01,
       9.4737393499833941e-02, 4.3997901828943878e-02,
       2.2414955092086648e-02, -5.1023892403382738e-02,
       -1.5730438243757733e-01, 1.8993033422633765e-01,
       -2.2634717553000196e-02, -5.5007544431330255e-02,
       1.8993033422633765e-01, 9.6589826657971292e-02,
       -1.3198732144468783e-01, 2.2570088770564097e-02,
