%YAML:1.0
---
E: !!opencv-matrix
   rows: 3
   cols: 3
   dt: d
   data: [ 4.1738965262495360e-03, 8.5115167739335099e-02,
       -7.0190909221626308e-01, -2.9095177978849895e-01,
       -3.0542997920967062e-04, 5.4396727528089840e-03,
       6.4446016944553552e-01, -1.6200524194890026e-03,
       6.8889049782379953e-03 ]
K: !!opencv-matrix
   rows: 3
   cols: 3
   dt: d
   data: [ 600., 0., 320., 0., 600., 240., 0., 0., 1. ]
R: !!opencv-matrix
   rows: 3
   cols: 3
   dt: d
   data: [ 9.9993364895356973e-01, 9.1095909214214781e-03,
       7.0507477364832654e-03, -6.5873450837946332e-03,
       9.5430732249864203e-01, -2.9875431563446847e-01,
       -9.4501097954563899e-03, 2.9868804726456150e-01,
       9.5430401122814990e-01 ]
t: !!opencv-matrix
   rows: 3
   cols: 1
   dt: d
   data: [ 1.1100727240546657e-02, 9.1139165950844081e-01,
       4.1139034606220531e-01 ]
