%YAML:1.0
---
intrinsic: !!opencv-matrix
   rows: 3
   cols: 3
   dt: d
   data: [ 8.0339871655269087e+02, 0., 3.1453136843988887e+02, 0.,
       8.0058137481282051e+02, 2.4986015374640877e+02, 0., 0., 1. ]
distCoeffs: !!opencv-matrix
   rows: 1
   cols: 5
   dt: d
   data: [ 0., 0., 8.1904283435175270e-04, -5.5196975589665263e-03, 0. ]
rvecs:
   - !!opencv-matrix
      rows: 3
      cols: 1
      dt: d
      data: [ 2.1620097590736922e+00, -2.0638770077598663e+00,
          -1.4389342064339962e-02 ]
   - !!opencv-matrix
      rows: 3
      cols: 1
      dt: d
      data: [ 2.1715834725192957e+00, -2.1713880701060124e+00,
          2.7194107540906180e-02 ]
   - !!opencv-matrix
      rows: 3
      cols: 1
      dt: d
      data: [ -2.2709810682472051e+00, 2.2329921026822754e+00,
          1.0939853895564218e-01 ]
   - !!opencv-matrix
      rows: 3
      cols: 1
      dt: d
      data: [ 2.1540019600137312e+00, -2.1101763916426171e+00,
          -1.8660552995317423e-01 ]
   - !!opencv-matrix
      rows: 3
      cols: 1
      dt: d
      data: [ 2.1806145791555060e+00, -2.1183859047990947e+00,
          -1.7061862829054125e-01 ]
   - !!opencv-matrix
      rows: 3
      cols: 1
      dt: d
      data: [ 2.1803698408895018e+00, -2.1171526686649491e+00,
          -1.8098633190941490e-01 ]
   - !!opencv-matrix
      rows: 3
      cols: 1
      dt: d
      data: [ 2.1969224875372380e+00, -2.2038776798475479e+00,
          1.0060742879474717e-01 ]
   - !!opencv-matrix
      rows: 3
      cols: 1
      dt: d
      data: [ 2.1890941330689953e+00, -2.2049612929178664e+00,
          2.0337994655623406e-01 ]
   - !!opencv-matrix
      rows: 3
      cols: 1
      dt: d
      data: [ -2.1640742515125209e+00, 2.1889842865449447e+00,
          -2.9181726496924765e-01 ]
   - !!opencv-matrix
      rows: 3
      cols: 1
      dt: d
      data: [ 2.2033679915231339e+00, -2.1937074755467196e+00,
          1.7717806873198372e-01 ]
   - !!opencv-matrix
      rows: 3
      cols: 1
      dt: d
      data: [ -2.2311365673668750e+00, 2.1450822278911459e+00,
          -2.6721379771904552e-01 ]
   - !!opencv-matrix
      rows: 3
      cols: 1
      dt: d
      data: [ -2.2012818511443171e+00, 2.1036449235965646e+00,
          -2.4232401902390038e-01 ]
   - !!opencv-matrix
      rows: 3
      cols: 1
      dt: d
      data: [ -2.1682098850546354e+00, 2.1270125661438199e+00,
          -2.6258527489601241e-01 ]
   - !!opencv-matrix
      rows: 3
      cols: 1
      dt: d
      data: [ 2.1897734051095123e+00, -2.1890699091464505e+00,
          1.1978936057331029e-01 ]
   - !!opencv-matrix
      rows: 3
      cols: 1
      dt: d
      data: [ -2.2133116376378044e+00, 2.2256768695329092e+00,
          -8.6854964603811952e-04 ]
   - !!opencv-matrix
      rows: 3
      cols: 1
      dt: d
      data: [ 1.9518862145067886e+00, -2.3114626949717216e+00,
          -3.3957447383617601e-01 ]
   - !!opencv-matrix
      rows: 3
      cols: 1
      dt: d
      data: [ -2.4568246318928990e+00, 1.9177908569859512e+00,
          6.6178180972638168e-02 ]
   - !!opencv-matrix
      rows: 3
      cols: 1
      dt: d
      data: [ 2.1372115473275466e+00, -1.9106629936796142e+00,
          2.6530348071119703e-02 ]
   - !!opencv-matrix
      rows: 3
      cols: 1
      dt: d
      data: [ -1.9678948598493660e+00, 2.2059586678898273e+00,
          -2.7595146218562544e-01 ]
   - !!opencv-matrix
      rows: 3
      cols: 1
      dt: d
      data: [ -2.3252648171563259e+00, 1.7667254947185249e+00,
          5.1057186255881862e-02 ]
   - !!opencv-matrix
      rows: 3
      cols: 1
      dt: d
      data: [ 2.1537340380297332e+00, -2.2299445975676964e+00,
          -2.8823918167825452e-01 ]
   - !!opencv-matrix
      rows: 3
      cols: 1
      dt: d
      data: [ 2.2198571173374200e+00, -2.1706498428954970e+00,
          -1.7665309504580137e-01 ]
   - !!opencv-matrix
      rows: 3
      cols: 1
      dt: d
      data: [ 2.1001617575435199e+00, -2.1312484612915648e+00,
          -1.3418409256191009e-02 ]
   - !!opencv-matrix
      rows: 3
      cols: 1
      dt: d
      data: [ 1.9114474828097996e+00, -1.6822370019193322e+00,
          -7.8458068213742804e-01 ]
   - !!opencv-matrix
      rows: 3
      cols: 1
      dt: d
      data: [ -1.9622153881117703e+00, 1.8588977376660845e+00,
          -5.7805454755344599e-01 ]
   - !!opencv-matrix
      rows: 3
      cols: 1
      dt: d
      data: [ -2.1920043793735897e+00, 2.0963972688927459e+00,
          -2.7448538038178405e-01 ]
   - !!opencv-matrix
      rows: 3
      cols: 1
      dt: d
      data: [ -2.1991391208929145e+00, 2.0706155814432017e+00,
          -1.5717888507356576e-01 ]
   - !!opencv-matrix
      rows: 3
      cols: 1
      dt: d
      data: [ 2.1240214789361618e+00, -2.0362918082242629e+00,
          -4.1957636057933861e-01 ]
   - !!opencv-matrix
      rows: 3
      cols: 1
      dt: d
      data: [ 2.1277170880434526e+00, -2.0363744957430261e+00,
          -4.0801004788103368e-01 ]
   - !!opencv-matrix
      rows: 3
      cols: 1
      dt: d
      data: [ 2.1690084279452733e+00, -1.9791444404131968e+00,
          -2.0384994699693459e-01 ]
