%YAML:1.0
---
intrinsic: !!opencv-matrix
   rows: 3
   cols: 3
   dt: d
   data: [ 4.8371453815666717e+02, 0., 2.8764970296426947e+02, 0.,
       4.8374158660164807e+02, 2.4213404087326893e+02, 0., 0., 1. ]
distCoeffs: !!opencv-matrix
   rows: 1
   cols: 5
   dt: d
   data: [ 0., 0., -2.3496049980363358e-03, -2.0483768168989011e-03, 0. ]
rvecs:
   - !!opencv-matrix
      rows: 3
      cols: 1
      dt: d
      data: [ -2.2026046910338977e+00, 2.1949895878116426e+00,
          -8.7970834880520307e-02 ]
   - !!opencv-matrix
      rows: 3
      cols: 1
      dt: d
      data: [ 2.0895355278740180e+00, 2.2128836773298439e+00,
          -3.7251912485312504e-02 ]
   - !!opencv-matrix
      rows: 3
      cols: 1
      dt: d
      data: [ -2.2028974929254006e+00, -2.1717924833843751e+00,
          -6.4237795243659371e-02 ]
   - !!opencv-matrix
      rows: 3
      cols: 1
      dt: d
      data: [ -2.1856402272716959e+00, 2.1775016809289132e+00,
          -9.2799043902373202e-02 ]
   - !!opencv-matrix
      rows: 3
      cols: 1
      dt: d
      data: [ -2.1794094142953195e+00, -2.2340421586838350e+00,
          -5.8077889522879532e-02 ]
   - !!opencv-matrix
      rows: 3
      cols: 1
      dt: d
      data: [ 2.1876026493599694e+00, 2.2411941788622642e+00,
          4.4238611872936498e-02 ]
   - !!opencv-matrix
      rows: 3
      cols: 1
      dt: d
      data: [ 2.1469489323026543e+00, 2.2598652295683870e+00,
          -4.4980596704039644e-02 ]
   - !!opencv-matrix
      rows: 3
      cols: 1
      dt: d
      data: [ 2.1975376902291521e+00, 2.2002365002577484e+00,
          -9.0787649623061642e-02 ]
   - !!opencv-matrix
      rows: 3
      cols: 1
      dt: d
      data: [ -2.2144516720315477e+00, -2.1983077951167194e+00,
          -2.2992427175382361e-02 ]
   - !!opencv-matrix
      rows: 3
      cols: 1
      dt: d
      data: [ -2.2024345355479582e+00, -2.2283328945262548e+00,
          2.7305501621014603e-03 ]
tvecs:
   - !!opencv-matrix
      rows: 3
      cols: 1
      dt: d
      data: [ 1.6286867364612285e+00, 6.0185405777876992e+00,
          1.4902080449522881e+01 ]
   - !!opencv-matrix
      rows: 3
      cols: 1
      dt: d
      data: [ 1.7896643265918846e+00, 1.6455157709843549e-01,
          1.5756754903425666e+01 ]
   - !!opencv-matrix
      rows: 3
      cols: 1
      dt: d
      data: [ 1.8544971329861182e+00, -6.8638885352536931e+00,
          1.6481910555426353e+01 ]
   - !!opencv-matrix
      rows: 3
      cols: 1
      dt: d
      data: [ 1.5355226652055902e+00, -2.2480727665528730e-01,
          1.5725099342120465e+01 ]
   - !!opencv-matrix
      rows: 3
      cols: 1
      dt: d
      data: [ -7.3096073920704905e+00, -2.8420931413900488e+00,
          1.4370435028978894e+01 ]
   - !!opencv-matrix
      rows: 3
      cols: 1
      dt: d
      data: [ -3.9770984062325523e+00, -3.1393843616246725e-01,
          1.3893165834835330e+01 ]
   - !!opencv-matrix
      rows: 3
      cols: 1
      dt: d
      data: [ 1.3339946837011563e+00, -2.3994119085080596e+00,
          1.5850877310224345e+01 ]
   - !!opencv-matrix
      rows: 3
      cols: 1
      dt: d
      data: [ -2.9170545929791731e+00, -7.1101806510806842e+00,
          1.6718638763945364e+01 ]
   - !!opencv-matrix
      rows: 3
      cols: 1
      dt: d
      data: [ -3.8845069410880151e+00, -2.6352862960352752e+00,
          1.4956659367512225e+01 ]
   - !!opencv-matrix
      rows: 3
      cols: 1
      dt: d
      data: [ -3.9146459637653024e+00, -3.0320869128463039e+00,
          8.7882163188154951e+00 ]
