Rt[ 0 ]= 
 0  0  1  0
-1  0  0  0
 0 -1  0  2
 0  0  0  1
Rt[ 1 ]= 
  0.0004044  0.00110306    0.999999    0.999999
  -0.999999  0.00114639 0.000403135  0.00346539
-0.00114594   -0.999999  0.00110352     1.99885
          0           0           0           1
Rt[ 2 ]= 
  0.00072466 -0.000524774            1      1.99999
   -0.999995   0.00304006  0.000726252     0.019811
 -0.00304044    -0.999995 -0.000522569      1.99808
           0            0            0            1
Rt[ 3 ]= 
 0.000349267 -0.000673709            1      2.99998
   -0.999992   0.00389245  0.000351887    0.0365621
 -0.00389269    -0.999992 -0.000672344      1.99675
           0            0            0            1
Rt[ 4 ]= 
-0.000191511  0.000111639            1      3.99998
   -0.999994   0.00341295 -0.000191891    0.0371239
 -0.00341297    -0.999994  0.000110985      1.99656
           0            0            0            1
Rt[ 5 ]= 
  -0.004205 0.000467771    0.999991     4.99998
   -0.99998   0.0048088  -0.0042072   0.0704194
-0.00481072   -0.999988  0.00044754     1.99539
          0           0           0           1
Rt[ 6 ]= 
 -0.00476401 -0.000190114     0.999989      6.00003
    -0.99995   0.00878438  -0.00476215    0.0811356
 -0.00878337    -0.999961 -0.000231954      1.99194
           0            0            0            1
Rt[ 7 ]= 
-0.00377566  0.00109401    0.999992     6.99987
  -0.999964  0.00764597 -0.00378391    0.045291
-0.00765005    -0.99997  0.00106511     1.99257
          0           0           0           1
Rt[ 8 ]= 
-0.00432894 0.000696292     0.99999     7.99989
  -0.999976  0.00547764 -0.00433269   0.0513209
-0.00548061   -0.999985 0.000672562     1.99588
          0           0           0           1
Rt[ 9 ]= 
 -0.0050496 -0.00139619    0.999986     8.99991
  -0.999982  0.00331627 -0.00504495   0.0539077
-0.00330918   -0.999994 -0.00141291     1.99876
          0           0           0           1
Rt[ 10 ]= 
-0.00472007 -0.00104545    0.999988     9.99977
  -0.999988  0.00118029 -0.00471884    0.023786
-0.00117535   -0.999999 -0.00105101      1.9994
          0           0           0           1
Rt[ 11 ]= 
 -0.00517775 -0.000987867     0.999986      10.9997
   -0.999987 -0.000184024  -0.00517794    0.0127102
 0.000189137    -0.999999 -0.000986901       1.9997
           0            0            0            1
Rt[ 12 ]= 
 -0.00719597 -2.21979e-05     0.999974      11.9999
   -0.999974 -0.000262822  -0.00719598    0.0470671
 0.000262975           -1  -2.0306e-05      1.99878
           0            0            0            1
Rt[ 13 ]= 
 -0.00429497 -0.000577906     0.999991      12.9995
   -0.999989  -0.00198076  -0.00429611   -0.0142122
  0.00198322    -0.999998 -0.000569392      2.00049
           0            0            0            1
Rt[ 14 ]= 
-0.00383405 0.000643807    0.999992     13.9995
  -0.999989  -0.0025468  -0.0038324 -0.00919157
 0.00254431   -0.999997 0.000653564     2.00047
          0           0           0           1
Rt[ 15 ]= 
 -0.00198033 -0.000281562     0.999998      14.9994
   -0.999988  -0.00445607  -0.00198157   -0.0528052
  0.00445661     -0.99999 -0.000272734      2.00313
           0            0            0            1
Rt[ 16 ]= 
-0.00486756 -0.00101085    0.999988     15.9994
  -0.999983 -0.00324663 -0.00487082  -0.0358993
 0.00325151   -0.999994 -0.00099503     2.00157
          0           0           0           1
Rt[ 17 ]= 
-0.00532298 -0.00179064    0.999984     16.9993
  -0.999967 -0.00615652 -0.00533391  -0.0583662
 0.00616598   -0.999979 -0.00175781     2.00355
          0           0           0           1
Rt[ 18 ]= 
-0.00730814 -0.00205584    0.999971     17.9996
  -0.999947 -0.00720781 -0.00732279   -0.013573
 0.00722266   -0.999972 -0.00200306     2.00253
          0           0           0           1
Rt[ 19 ]= 
-0.00499542 -0.00197421    0.999986     18.9994
  -0.999964 -0.00684549 -0.00500883  -0.0428812
 0.00685528   -0.999975 -0.00193994     2.00033
          0           0           0           1
Rt[ 20 ]= 
-0.00675974 -0.00182161    0.999975     19.9995
  -0.999957 -0.00634927 -0.00677118  -0.0240948
 0.00636145   -0.999978 -0.00177861     1.99773
          0           0           0           1
Rt[ 21 ]= 
-0.00756064 -0.00205084    0.999969     20.9996
  -0.999937 -0.00822642 -0.00757727 -0.00186931
 0.00824171   -0.999964 -0.00198852     1.99764
          0           0           0           1
Rt[ 22 ]= 
-0.00863718 -0.00389736    0.999955     21.9993
   -0.99995 -0.00502519 -0.00865673  -0.0500153
  0.0050587    -0.99998 -0.00385377      1.9928
          0           0           0           1
Rt[ 23 ]= 
  -0.010375 -0.00319788    0.999941     22.9997
  -0.999938 -0.00397769  -0.0103876  -0.0077017
 0.00401068   -0.999987 -0.00315641     1.98764
          0           0           0           1
Rt[ 24 ]= 
-0.00971751 -0.00301462    0.999948     23.9994
   -0.99993 -0.00677579 -0.00973776   -0.038488
  0.0068048   -0.999972 -0.00294857     1.98736
          0           0           0           1
Rt[ 25 ]= 
-0.00664392 -0.00452949    0.999968     24.9986
  -0.999941 -0.00854671 -0.00668246   -0.127695
  0.0085767   -0.999953 -0.00447244     1.98673
          0           0           0           1
Rt[ 26 ]= 
-0.00273214 -0.00572968     0.99998     25.9981
  -0.999957 -0.00887986 -0.00278295   -0.205686
 0.00889562   -0.999944 -0.00570517     1.98321
          0           0           0           1
Rt[ 27 ]= 
-0.00202558 -0.00557933    0.999982     26.9981
  -0.999938  -0.0109786 -0.00208674   -0.210192
    0.01099   -0.999924 -0.00555675     1.97962
          0           0           0           1
Rt[ 28 ]= 
-0.00354748 -0.00473416    0.999983     27.9981
  -0.999908  -0.0130926  -0.0036092    -0.18664
  0.0131094   -0.999903 -0.00468727     1.97589
          0           0           0           1
Rt[ 29 ]= 
-0.00385586  -0.0059466    0.999975     28.9982
  -0.999924   -0.011722 -0.00392537   -0.156227
  0.0117451   -0.999914 -0.00590094     1.96939
          0           0           0           1
Rt[ 30 ]= 
-0.00557785 -0.00493666    0.999972     29.9983
  -0.999925  -0.0108525 -0.00563117   -0.125925
    0.01088   -0.999929 -0.00487576     1.96221
          0           0           0           1
Rt[ 31 ]= 
-0.00853953 -0.00417761    0.999955     30.9985
  -0.999902  -0.0110631  -0.0085853  -0.0881078
  0.0110984    -0.99993 -0.00408273     1.95707
          0           0           0           1
Rt[ 32 ]= 
 -0.0103968  -0.0039929    0.999938     31.9988
  -0.999891  -0.0104312   -0.010438  -0.0623303
  0.0104723   -0.999938 -0.00388402     1.95197
          0           0           0           1
Rt[ 33 ]= 
-0.00886554 -0.00326243    0.999955     32.9986
  -0.999892  -0.0116721 -0.00890306  -0.0851658
  0.0117006   -0.999927  -0.0031586     1.94945
          0           0           0           1
Rt[ 34 ]= 
-0.00885538 -0.00251628    0.999958     33.9988
  -0.999898   -0.011228  -0.0088831   -0.069363
  0.0112499   -0.999934 -0.00241659     1.94555
          0           0           0           1
Rt[ 35 ]= 
-0.00872114 -0.00244505    0.999959     34.9988
    -0.9999  -0.0111076 -0.00874778    -0.06749
  0.0111286   -0.999935 -0.00234793     1.94289
          0           0           0           1
Rt[ 36 ]= 
-0.00856445 -0.00209211    0.999961      35.999
  -0.999901   -0.011106 -0.00858717   -0.052368
  0.0111236   -0.999936 -0.00199679     1.94027
          0           0           0           1
Rt[ 37 ]= 
 -0.00845479 -0.000305643     0.999964       36.999
   -0.999889   -0.0122431   -0.0084579   -0.0589193
   0.0122452    -0.999925 -0.000202096      1.93938
           0            0            0            1
Rt[ 38 ]= 
-0.00944138 -0.00132491    0.999955     37.9992
  -0.999868  -0.0132026 -0.00945805  -0.0361581
  0.0132145   -0.999912 -0.00120008     1.93976
          0           0           0           1
Rt[ 39 ]= 
-0.00958419 -0.00161033    0.999953     38.9989
  -0.999877  -0.0123842 -0.00960341  -0.0693527
  0.0123991   -0.999922 -0.00149144     1.93806
          0           0           0           1
Rt[ 40 ]= 
  -0.0112021 -0.000697309     0.999937      39.9987
    -0.99985   -0.0131665   -0.0112104   -0.0965646
   0.0131735    -0.999913 -0.000549712      1.93756
           0            0            0            1
Rt[ 41 ]= 
-0.00953892 -0.00285873     0.99995     40.9982
  -0.999893  -0.0111058 -0.00957012   -0.150055
  0.0111326   -0.999934 -0.00275249     1.93552
          0           0           0           1
Rt[ 42 ]= 
-0.00783785 -0.00597531    0.999951     41.9977
  -0.999901  -0.0116315 -0.00790696   -0.205107
  0.0116782   -0.999914 -0.00588356     1.93383
          0           0           0           1
Rt[ 43 ]= 
-0.00705329 -0.00656985    0.999954     42.9976
  -0.999924  -0.0100573 -0.00711916   -0.217728
  0.0101036   -0.999928 -0.00649841     1.92643
          0           0           0           1
Rt[ 44 ]= 
-0.00736817 -0.00696817    0.999949     43.9974
  -0.999924 -0.00985888 -0.00743669   -0.239326
 0.00991019   -0.999927   -0.006895     1.91988
          0           0           0           1
Rt[ 45 ]= 
-0.00706822 -0.00678617    0.999952     44.9972
  -0.999917  -0.0106871 -0.00714051   -0.272728
  0.0107351    -0.99992 -0.00671007     1.91407
          0           0           0           1
Rt[ 46 ]= 
-0.00643983 -0.00686072    0.999956     45.9973
    -0.9999  -0.0125546 -0.00652561   -0.251617
  0.0125988   -0.999898 -0.00677918     1.90893
          0           0           0           1
Rt[ 47 ]= 
-0.00691736 -0.00631347    0.999956     46.9974
   -0.99989  -0.0130401 -0.00699924   -0.243788
  0.0130837   -0.999895 -0.00622257     1.90245
          0           0           0           1
Rt[ 48 ]= 
-0.00554007 -0.00510652    0.999972     47.9979
  -0.999829  -0.0176345 -0.00562933   -0.181212
  0.0176627   -0.999831 -0.00500795      1.8999
          0           0           0           1
Rt[ 49 ]= 
-0.00559318 -0.00500689    0.999972     48.9978
   -0.99982  -0.0181007 -0.00568296   -0.186082
  0.0181286   -0.999824 -0.00490474     1.89535
          0           0           0           1
Rt[ 50 ]= 
-0.00506599 -0.00303181    0.999983     49.9976
  -0.999816  -0.0184953 -0.00512122   -0.225972
  0.0185105   -0.999824 -0.00293755     1.89145
          0           0           0           1
Rt[ 51 ]= 
-0.00545418 -0.00241016    0.999982     50.9975
  -0.999803  -0.0190517 -0.00549912   -0.240409
  0.0190646   -0.999816 -0.00230577     1.88924
          0           0           0           1
Rt[ 52 ]= 
-0.00519511 -0.00204673    0.999984     51.9975
  -0.999826  -0.0179095 -0.00523094   -0.246069
    0.01792   -0.999838 -0.00195334     1.88579
          0           0           0           1
