Rt[ 0 ]= 
 0  0  1  0
-1  0  0  0
 0 -1  0  2
 0  0  0  1
Rt[ 1 ]= 
 0.000420073  6.78763e-05            1            1
          -1  0.000112884  0.000420065    0.0223471
-0.000112855           -1  6.79237e-05      1.99989
           0            0            0            1
Rt[ 2 ]= 
 0.00110302 0.000182673    0.999999           2
  -0.999999 -0.00024652  0.00110307   0.0107258
0.000246722          -1 0.000182401     2.00031
          0           0           0           1
Rt[ 3 ]= 
  0.00105528  0.000533936     0.999999      3.00008
   -0.999999  0.000270388   0.00105514   -0.0601351
-0.000269824           -1  0.000534221            2
           0            0            0            1
Rt[ 4 ]= 
  0.00103406  0.000524751     0.999999      4.00004
   -0.999999   0.00018835   0.00103396   -0.0217143
-0.000187807           -1  0.000524946      2.00062
           0            0            0            1
Rt[ 5 ]= 
 0.00160674  0.00124576    0.999998     5.00008
  -0.999997 -0.00182537  0.00160901  -0.0584303
 0.00182737   -0.999998  0.00124282     2.00316
          0           0           0           1
Rt[ 6 ]= 
 0.00155503  0.00125249    0.999998     6.00003
  -0.999997 -0.00188652  0.00155739  -0.0276833
 0.00188847   -0.999997  0.00124956     2.00441
          0           0           0           1
Rt[ 7 ]= 
 0.00162545   0.0012565    0.999998     7.00001
  -0.999996 -0.00218604   0.0016282    -0.01807
 0.00218809   -0.999997  0.00125294     2.00594
          0           0           0           1
Rt[ 8 ]= 
 0.00162537  0.00125639    0.999998     7.99991
  -0.999996 -0.00218746  0.00162811   0.0460833
  0.0021895   -0.999997  0.00125283     2.00706
          0           0           0           1
Rt[ 9 ]= 
 0.00187402  0.00106041    0.999998     8.99988
  -0.999995 -0.00272209   0.0018769   0.0627231
 0.00272407   -0.999996   0.0010553     2.00881
          0           0           0           1
Rt[ 10 ]= 
 0.00204135  0.00103949    0.999997      9.9998
  -0.999994 -0.00283696  0.00204429    0.107288
 0.00283908   -0.999995  0.00103369     2.00987
          0           0           0           1
Rt[ 11 ]= 
  0.00351115 -0.000648346     0.999994      10.9999
   -0.999994 -0.000794885   0.00351063    0.0537596
 0.000792604    -0.999999 -0.000651133      2.00901
           0            0            0            1
Rt[ 12 ]= 
 0.00368458  -0.0012214    0.999992     11.9999
   -0.99999 -0.00233822  0.00368171   0.0442453
 0.00233371   -0.999997 -0.00123001     2.00991
          0           0           0           1
Rt[ 13 ]= 
 0.000970412 -0.000127259            1      12.9998
   -0.999999 -0.000540315  0.000970343    0.0787374
 0.000540192           -1 -0.000127783      2.00681
           0            0            0            1
Rt[ 14 ]= 
-0.000151201 -0.000389202            1      13.9998
          -1 -5.70276e-05 -0.000151223    0.0730248
 5.70864e-05           -1 -0.000389194       2.0062
           0            0            0            1
Rt[ 15 ]= 
 -0.00102088 -0.000933701     0.999999      14.9998
   -0.999999   0.00105921  -0.00101989    0.0263227
 -0.00105825    -0.999999 -0.000934781       2.0047
           0            0            0            1
Rt[ 16 ]= 
 -0.00113859  -0.00112333     0.999999      15.9998
   -0.999999  0.000946016  -0.00113752   -0.0274646
-0.000944737    -0.999999  -0.00112441      2.00382
           0            0            0            1
Rt[ 17 ]= 
 -0.00105028 -0.000983158     0.999999      16.9997
   -0.999999  0.000778102  -0.00104951    -0.116556
-0.000777069    -0.999999 -0.000983974      2.00278
           0            0            0            1
Rt[ 18 ]= 
-0.00109726 -0.00111093    0.999999     17.9997
  -0.999999  0.00111095 -0.00109603  -0.0833653
-0.00110973   -0.999999 -0.00111215     2.00149
          0           0           0           1
Rt[ 19 ]= 
-0.00111389 -0.00108999    0.999999     18.9997
  -0.999999  0.00107147 -0.00111272  -0.0473854
-0.00107026   -0.999999 -0.00109118     2.00046
          0           0           0           1
Rt[ 20 ]= 
 -0.00097449  -0.00107479     0.999999      19.9997
   -0.999999  0.000950349 -0.000973469   -0.0814526
-0.000949302    -0.999999  -0.00107571      1.99946
           0            0            0            1
Rt[ 21 ]= 
-0.000978267  -0.00107927     0.999999      20.9997
   -0.999999  0.000933777 -0.000977259     -0.10781
-0.000932721    -0.999999  -0.00108018      1.99837
           0            0            0            1
Rt[ 22 ]= 
-0.00122184 -0.00235205    0.999996     21.9997
  -0.999998 -0.00147948 -0.00122533  -0.0918305
 0.00148236   -0.999996 -0.00235023     1.99972
          0           0           0           1
Rt[ 23 ]= 
 -0.00224194  -0.00424874     0.999988      22.9997
   -0.999997 -0.000978432  -0.00224612    -0.111417
 0.000987964     -0.99999  -0.00424654      1.99691
           0            0            0            1
Rt[ 24 ]= 
 -0.00092283   -0.0032478     0.999994      23.9996
          -1  -0.00027181 -0.000923718    -0.144857
 0.000274808    -0.999995  -0.00324755      1.99198
           0            0            0            1
Rt[ 25 ]= 
-0.000947686  -0.00318818     0.999994      24.9996
   -0.999999 -0.000405152 -0.000948982    -0.121341
 0.000408175    -0.999995   -0.0031878      1.98886
           0            0            0            1
Rt[ 26 ]= 
-0.00175061  -0.0034966    0.999992     25.9997
  -0.999998 -0.00024392 -0.00175147  -0.0498668
0.000250043   -0.999994 -0.00349617     1.98548
          0           0           0           1
Rt[ 27 ]= 
 -0.00183282  -0.00384098     0.999991      26.9997
   -0.999998 -0.000892462  -0.00183627   -0.0403648
 0.000899507    -0.999992  -0.00383934      1.98263
           0            0            0            1
Rt[ 28 ]= 
-0.00195217 -0.00443845    0.999988     27.9997
  -0.999996 -0.00187188 -0.00196049  -0.0280858
 0.00188056   -0.999988 -0.00443478     1.97976
          0           0           0           1
Rt[ 29 ]= 
-0.00197538 -0.00471401    0.999987     28.9997
  -0.999997  -0.0013589  -0.0019818  -0.0396492
 0.00136823   -0.999988 -0.00471131     1.97483
          0           0           0           1
Rt[ 30 ]= 
-0.00116539 -0.00458548    0.999989     29.9996
  -0.999997 -0.00190454 -0.00117414  -0.0785912
  0.0019099   -0.999988 -0.00458325     1.97072
          0           0           0           1
Rt[ 31 ]= 
 -0.00172567  -0.00465968     0.999988      30.9995
   -0.999998  0.000752523  -0.00172218    -0.145505
-0.000744489    -0.999989  -0.00466097       1.9636
           0            0            0            1
Rt[ 32 ]= 
 -0.00176445  -0.00467209     0.999988      31.9995
   -0.999998  0.000812509  -0.00176067    -0.128871
-0.000804273    -0.999989  -0.00467351       1.9589
           0            0            0            1
Rt[ 33 ]= 
 -0.00160111  -0.00464392     0.999988      32.9995
   -0.999998  0.000758347   -0.0015976   -0.0944765
-0.000750919    -0.999989  -0.00464513      1.95431
           0            0            0            1
Rt[ 34 ]= 
 -0.0023701  -0.0060658    0.999979     33.9996
  -0.999996 -0.00149621 -0.00237922  -0.0816368
 0.00151061    -0.99998 -0.00606223     1.95193
          0           0           0           1
Rt[ 35 ]= 
 -0.00342856  -0.00654545     0.999973      34.9996
   -0.999994  0.000299436  -0.00342667   -0.0673814
-0.000276999    -0.999979  -0.00654643      1.94405
           0            0            0            1
Rt[ 36 ]= 
 -0.00204637  -0.00629376     0.999978      35.9995
   -0.999998 -0.000418823  -0.00204905   -0.0892526
  0.00043171     -0.99998  -0.00629289      1.93821
           0            0            0            1
Rt[ 37 ]= 
4.81512e-05 -0.00590974    0.999983     36.9994
  -0.999999 -0.00136148 4.01058e-05   -0.122666
 0.00136122   -0.999982  -0.0059098     1.93288
          0           0           0           1
Rt[ 38 ]= 
-0.000377447   -0.0059407     0.999982      37.9994
   -0.999999  -0.00126345 -0.000384959   -0.0885368
  0.00126572    -0.999982  -0.00594022      1.92682
           0            0            0            1
Rt[ 39 ]= 
-0.000384097  -0.00591141     0.999982      38.9994
   -0.999999  -0.00108131 -0.000390496    -0.102502
   0.0010836    -0.999982  -0.00591099      1.92072
           0            0            0            1
Rt[ 40 ]= 
-0.000797086  -0.00656265     0.999978      39.9993
   -0.999999  -0.00095011 -0.000803338   -0.0972824
 0.000955362    -0.999978  -0.00656189      1.91467
           0            0            0            1
Rt[ 41 ]= 
-0.000119471  -0.00624944      0.99998      40.9993
          -1 -0.000671247 -0.000123669   -0.0896991
 0.000672007     -0.99998  -0.00624936      1.90782
           0            0            0            1
Rt[ 42 ]= 
  0.00194042  -0.00642534     0.999977      41.9993
   -0.999998 -0.000720401   0.00193583    -0.141969
 0.000707946    -0.999979  -0.00642672      1.90166
           0            0            0            1
Rt[ 43 ]= 
 0.00184462 -0.00794722    0.999967     42.9993
  -0.999996 -0.00218204  0.00182733   -0.133962
 0.00216744   -0.999966 -0.00795121     1.89668
          0           0           0           1
Rt[ 44 ]= 
 0.00120387 -0.00873237    0.999961     43.9992
  -0.999998 -0.00172691  0.00118883  -0.0989736
 0.00171646    -0.99996 -0.00873443      1.8882
          0           0           0           1
Rt[ 45 ]= 
 0.00277935 -0.00885635    0.999957     44.9991
  -0.999995 -0.00172335  0.00276419  -0.0544624
 0.00169879   -0.999959  -0.0088611     1.87939
          0           0           0           1
Rt[ 46 ]= 
 0.00245993  -0.0088848    0.999958     45.9991
  -0.999996 -0.00153657  0.00244637  -0.0684237
 0.00151477   -0.999959 -0.00888854     1.87037
          0           0           0           1
Rt[ 47 ]= 
 0.00245573 -0.00888354    0.999958     46.9991
  -0.999996  -0.0015386  0.00244216   -0.097139
 0.00151684   -0.999959 -0.00888728     1.86153
          0           0           0           1
Rt[ 48 ]= 
 0.00246125 -0.00888211    0.999958     47.9991
  -0.999996 -0.00154142  0.00244765   -0.126706
 0.00151961   -0.999959 -0.00888587      1.8527
          0           0           0           1
Rt[ 49 ]= 
 0.00244507 -0.00888793    0.999958     48.9991
  -0.999996 -0.00153299  0.00243154   -0.131189
 0.00151131   -0.999959 -0.00889164     1.84381
          0           0           0           1
Rt[ 50 ]= 
 0.00302262  -0.0079722    0.999964     49.9993
  -0.999994 -0.00146553  0.00301103   -0.227047
 0.00144147   -0.999967 -0.00797658     1.83501
          0           0           0           1
Rt[ 51 ]= 
  0.00242007  -0.00851589     0.999961      50.9992
   -0.999997 -0.000953111   0.00241204    -0.209246
 0.000932533    -0.999963  -0.00851817      1.82649
           0            0            0            1
Rt[ 52 ]= 
 0.00248902 -0.00871159    0.999959     51.9992
  -0.999996 -0.00143352  0.00247662    -0.20431
 0.00141188   -0.999961 -0.00871512     1.81845
          0           0           0           1
Rt[ 53 ]= 
   0.002811 -0.00868471    0.999958     52.9992
  -0.999995 -0.00161816  0.00279705   -0.209442
  0.0015938   -0.999961 -0.00868921     1.80993
          0           0           0           1
Rt[ 54 ]= 
  0.0029614 -0.00872419    0.999958     53.9989
  -0.999992 -0.00257055  0.00293908   -0.137858
  0.0025448   -0.999959 -0.00873173     1.80209
          0           0           0           1
Rt[ 55 ]= 
 0.00293391 -0.00873434    0.999958      54.999
  -0.999992 -0.00266903  0.00291069   -0.152139
 0.00264349   -0.999958  -0.0087421      1.7935
          0           0           0           1
Rt[ 56 ]= 
 0.00290559 -0.00873767    0.999958     55.9989
  -0.999992 -0.00272595  0.00288187   -0.137045
 0.00270066   -0.999958 -0.00874552     1.78478
          0           0           0           1
Rt[ 57 ]= 
 0.00168075  -0.0103346    0.999945     56.9989
  -0.999996 -0.00211134  0.00165902    -0.15158
 0.00209408   -0.999944  -0.0103382     1.77546
          0           0           0           1
Rt[ 58 ]= 
0.00168415 -0.0103484   0.999945    57.9989
 -0.999996 -0.0021827 0.00166165  -0.223686
0.00216539  -0.999944  -0.010352    1.76535
         0          0          0          1
Rt[ 59 ]= 
 0.00168415  -0.0103474    0.999945     58.9988
  -0.999996 -0.00218021  0.00166167   -0.184115
 0.00216289   -0.999944  -0.0103511     1.75492
          0           0           0           1
Rt[ 60 ]= 
  0.0016842  -0.0103566    0.999945     59.9987
  -0.999996 -0.00220072  0.00166149   -0.147167
 0.00218339   -0.999944  -0.0103602     1.74451
          0           0           0           1
Rt[ 61 ]= 
 0.00213291  -0.0102055    0.999946     60.9987
  -0.999994 -0.00265099  0.00210596   -0.155954
 0.00262936   -0.999944  -0.0102111     1.73462
          0           0           0           1
Rt[ 62 ]= 
 0.00220929  -0.0102557    0.999945     61.9987
  -0.999994 -0.00254631  0.00218329   -0.172525
 0.00252378   -0.999944  -0.0102612     1.72435
          0           0           0           1
Rt[ 63 ]= 
  0.0022232  -0.0102324    0.999945     62.9986
  -0.999994 -0.00251524  0.00219757   -0.183687
 0.00249262   -0.999944  -0.0102379      1.7141
          0           0           0           1
Rt[ 64 ]= 
 0.00277257 -0.00939721    0.999952     63.9986
  -0.999995 -0.00120892  0.00276133   -0.203015
 0.00118292   -0.999955 -0.00940052     1.70261
          0           0           0           1
Rt[ 65 ]= 
 0.00257357 -0.00939966    0.999953     64.9986
  -0.999996 -0.00128826  0.00256157   -0.201033
 0.00126412   -0.999955 -0.00940294     1.69329
          0           0           0           1
Rt[ 66 ]= 
 0.00393438 -0.00930923    0.999949     65.9987
  -0.999989 -0.00263027  0.00391005   -0.245401
 0.00259374   -0.999953 -0.00931947     1.68529
          0           0           0           1
Rt[ 67 ]= 
 0.00391373 -0.00932319    0.999949     66.9985
  -0.999989  -0.0026088  0.00388957   -0.205185
 0.00257241   -0.999953 -0.00933329     1.67585
          0           0           0           1
Rt[ 68 ]= 
 0.00389835 -0.00932714    0.999949     67.9983
  -0.999989 -0.00260321  0.00387423   -0.174694
 0.00256694   -0.999953 -0.00933719     1.66644
          0           0           0           1
Rt[ 69 ]= 
 0.00387036 -0.00921946     0.99995     68.9982
  -0.999989 -0.00277321  0.00384494    -0.16338
 0.00273762   -0.999954 -0.00923009     1.65726
          0           0           0           1
Rt[ 70 ]= 
 0.00390832 -0.00921528     0.99995     69.9981
  -0.999989 -0.00277776  0.00388287   -0.133906
 0.00274184   -0.999954 -0.00922603     1.64796
          0           0           0           1
Rt[ 71 ]= 
  0.0038461 -0.00927025     0.99995     70.9982
  -0.999989 -0.00288777  0.00381948   -0.182612
 0.00285221   -0.999953 -0.00928125     1.63899
          0           0           0           1
Rt[ 72 ]= 
 0.00384999 -0.00926365     0.99995      71.998
  -0.999989 -0.00287051  0.00382354   -0.128225
 0.00283495   -0.999953  -0.0092746     1.62955
          0           0           0           1
Rt[ 73 ]= 
 0.00380893 -0.00929517     0.99995     72.9979
  -0.999988 -0.00302253  0.00378098   -0.100502
 0.00298723   -0.999952 -0.00930657     1.62036
          0           0           0           1
Rt[ 74 ]= 
 0.00274528 -0.00902418    0.999956     73.9977
  -0.999995 -0.00154211  0.00273147  -0.0804103
 0.00151739   -0.999958 -0.00902837     1.60952
          0           0           0           1
Rt[ 75 ]= 
  0.0040843 -0.00848819    0.999956     74.9977
  -0.999988 -0.00275924  0.00406101  -0.0733975
 0.00272464    -0.99996 -0.00849936     1.60171
          0           0           0           1
Rt[ 76 ]= 
  0.0033821 -0.00886185    0.999955     75.9978
  -0.999992 -0.00197255  0.00336474   -0.105687
 0.00194264   -0.999959 -0.00886845     1.59252
          0           0           0           1
Rt[ 77 ]= 
 0.00399933 -0.00875842    0.999954     76.9976
   -0.99999 -0.00221398  0.00398009  -0.0653053
 0.00217902   -0.999959 -0.00876719     1.58382
          0           0           0           1
Rt[ 78 ]= 
 0.00400624 -0.00876721    0.999954     77.9973
   -0.99999 -0.00220118  0.00398708 -0.00776748
 0.00216612   -0.999959 -0.00877594     1.57492
          0           0           0           1
Rt[ 79 ]= 
  0.00316068   -0.0078851     0.999964      78.9973
   -0.999995 -0.000498729   0.00315684   -0.0125285
 0.000473819    -0.999969  -0.00788664      1.56447
           0            0            0            1
Rt[ 80 ]= 
 0.00301595 -0.00796966    0.999964     79.9972
  -0.999995 -0.00103669  0.00300778   0.0121008
 0.00101268   -0.999968 -0.00797275     1.55711
          0           0           0           1
Rt[ 81 ]= 
 0.00353872 -0.00915435    0.999952     80.9974
  -0.999993  0.00144069  0.00355205   -0.049207
-0.00147314   -0.999957 -0.00914919     1.54672
          0           0           0           1
Rt[ 82 ]= 
 0.00391006 -0.00917259     0.99995      81.997
  -0.999991  0.00131176  0.00392226   0.0538206
-0.00134767   -0.999957 -0.00916738     1.53784
          0           0           0           1
Rt[ 83 ]= 
 0.00395309 -0.00917955     0.99995      82.997
  -0.999991   0.0013221  0.00396539    0.038743
-0.00135843   -0.999957 -0.00917424     1.52864
          0           0           0           1
Rt[ 84 ]= 
 0.00392242 -0.00917345     0.99995      83.997
  -0.999991  0.00129825  0.00393449   0.0141684
-0.00133428   -0.999957 -0.00916828     1.51945
          0           0           0           1
Rt[ 85 ]= 
 0.00434933 -0.00837442    0.999955     84.9968
  -0.999986  0.00293291  0.00437402    0.053044
-0.00296941   -0.999961 -0.00836154      1.5087
          0           0           0           1
Rt[ 86 ]= 
 0.00448147 -0.00827829    0.999956      85.997
  -0.999987  0.00236161  0.00450116   0.0161217
-0.00239877   -0.999963  -0.0082676     1.50079
          0           0           0           1
Rt[ 87 ]= 
 0.00405203 -0.00818697    0.999958     86.9969
  -0.999987  0.00307768  0.00407734   0.0185974
-0.00311094   -0.999962  -0.0081744      1.4918
          0           0           0           1
Rt[ 88 ]= 
 0.00486577 -0.00782674    0.999958     87.9968
  -0.999988 0.000919968  0.00487312   0.0490671
-0.00095807   -0.999969 -0.00782217     1.48587
          0           0           0           1
Rt[ 89 ]= 
 0.00547935 -0.00763082    0.999956     88.9967
  -0.999984 0.000961748  0.00548685   0.0731413
-0.00100357    -0.99997 -0.00762543     1.47802
          0           0           0           1
Rt[ 90 ]= 
 0.00549716   -0.007696    0.999955     89.9968
  -0.999984   0.0011331  0.00550604   0.0378257
-0.00117542    -0.99997 -0.00768965     1.47018
          0           0           0           1
