%YAML:1.0
---
E: !!opencv-matrix
   rows: 3
   cols: 3
   dt: d
   data: [ -6.3460298352706376e-02, 4.4475921433139032e-01,
       -1.4147912053850834e-01, -5.2696123047326293e-01,
       -2.2711054790362117e-02, -4.4191720721308142e-01,
       1.1838216610901631e-01, 5.3907339814697430e-01,
       -6.0395320162359590e-03 ]
F: !!opencv-matrix
   rows: 3
   cols: 3
   dt: d
   data: [ -3.4684227059828075e-06, 4.8984752020160192e-05,
       -1.1768145416065412e-02, -3.3238463607407776e-05,
       -2.7499292725770980e-06, 2.0252381828194721e-02,
       1.0573544858524908e-02, -2.5542124621322881e-02, 1. ]
K: !!opencv-matrix
   rows: 3
   cols: 3
   dt: d
   data: [ 8.0339871655269087e+02, 0., 3.1453136843988887e+02, 0.,
       8.0058137481282051e+02, 2.4986015374640877e+02, 0., 0., 1. ]
R: !!opencv-matrix
   rows: 3
   cols: 3
   dt: d
   data: [ 9.8108812265642020e-01, 8.4607346110983153e-02,
       -1.7409104677311249e-01, -7.8391373120387464e-02,
       9.9602529900208037e-01, 4.2289435656154561e-02,
       1.7697708383517316e-01, -2.7842426831585842e-02,
       9.8382107675396246e-01 ]
r: !!opencv-matrix
   rows: 3
   cols: 1
   dt: d
   data: [ -3.5296041492386160e-02, -1.7668595792348438e-01,
       -8.2034176095094655e-02 ]
t: !!opencv-matrix
   rows: 3
   cols: 1
   dt: d
   data: [ 7.4584943554575478e-01, -2.3024009875520549e-01,
       -6.2505849040011630e-01 ]
points3D: !!opencv-matrix
   rows: 4
   cols: 79
   dt: d
   data: [ 1.0492992882388102e-01, 1.7882897509254145e-01,
       -3.3293185262114116e-03, -5.3986908042688022e+01,
       1.0353825993248909e-01, 1.0204100183280962e+00,
       5.4329950678459443e-02, 2.3320623215578404e+00,
       1.5438326944012186e+00, -8.9151301578691222e-01,
       6.4834082019592698e-01, -8.7774731266756401e-01,
       3.6483812319089974e-02, 2.5070517113646584e-01,
       1.0476351352519986e-01, 7.6421720347260647e-01,
       6.5650120689537228e-01, 3.2023117339406798e-01,
       -4.5669920509725653e-01, 3.0390570521789112e-01,
       2.1172136921153331e-01, 9.6710139597082190e-01,
       -6.7929786403366721e-01, 4.0960902893723306e-01,
       1.1068697762169568e+00, 1.6413698941453760e+00,
       -5.7869704394303512e-01, -6.8364040862512143e-01,
       1.2187335837420742e-01, 2.1318685809346907e-01,
       4.1925597203618387e-01, 1.0899158199430894e+00,
       2.0432794969872994e-01, 2.1172136921153331e-01,
       -1.9775322755488062e-01, -6.8631147744533749e-01,
       -7.8694824694720178e-01, 1.1787085336782037e+00,
       1.0899158199430894e+00, 3.8898217443915750e-01,
       -9.1044696058060726e-01, -8.3688949814860358e-01,
       5.3840008047566112e-01, 2.3690384656965242e+00,
       5.3840008047566112e-01, -8.6534367014823899e-01,
       1.8454480373903988e+00, 3.6487220613111015e-01,
       2.0099580164289751e-01, -1.8462648312778092e+00,
       1.3368858352294805e-01, 1.7779994060848839e-01,
       8.7555310306382950e+00, 6.7428857186289837e-01,
       1.0478804166365812e+00, 2.5030624799661860e-01,
       1.7779994060848839e-01, 4.4286182189462442e-01,
       2.9169159350844134e+00, 1.1270417661926166e-01,
       5.7189293892472104e-01, 3.2023117339406798e-01,
       1.9405682111466309e+00, 1.9118412559455704e+00,
       -7.7333869683670609e-01, -8.5273591678133176e-01,
       -9.6903944075996229e-01, -7.0510099432423168e-01,
       1.9908254480312080e+00, -4.6211084098054639e-01,
       -7.7333869683670609e-01, 2.0867494323309166e+00,
       3.1122333041929207e-01, 2.1922014181132743e-01,
       -4.4350596631528422e-01, 5.9727674306293466e-01,
       3.3988231831694457e-02, 7.0119965943443907e-01,
       1.0602941443948313e+00, -1.0223627114131242e-01,
       -4.1517530684313819e-01, 6.0996771123358474e-02,
       -9.6239860303922757e+00, 7.3738877697482497e-02,
       1.2630764374601500e+00, 1.3071116751241943e-02,
       -5.1508064981532931e-01, -4.0926577187876861e-01,
       -7.0072482146377335e-01, -6.8661709275492500e-01,
       -6.9044356453943079e-01, 1.4342536954639104e-01,
       -3.2851233666409906e-03, 1.9759780541729022e-01,
       5.8128932374481868e-01, -6.8775894847411734e-01,
       -2.7085909865922941e-01, 4.1052805918629365e-01,
       -2.4176606238479331e-01, -1.1666904377741545e-01,
       1.2572195775169801e+00, -1.5002894489520846e-01,
       -5.1347849416692881e-01, 7.7557763279692771e-01,
       -2.6512174399231248e-01, 2.2126831727517751e-01,
       -2.3465411920582328e-02, -4.1481859097866836e-01,
       -4.9673057330628950e-01, -3.8020078780706185e-01,
       -9.4539217027964062e-01, -2.3889091815986360e-01,
       -1.1666904377741545e-01, 5.9162953135598817e-01,
       1.4147274567675396e-02, -5.0285949181316592e-01,
       5.1663489544517061e-01, -9.4539217027964062e-01,
       -3.9039052723605611e-01, -6.4569667950692389e-01,
       -4.3588957692284552e-01, -1.2963223292258794e-01,
       -4.7725187690134491e-01, -1.2963223292258794e-01,
       -6.7059598190686687e-01, 1.8876608175497267e-01,
       -4.4410705294414760e-01, -1.5610656396939401e-01,
       -1.1004654598340606e+00, -4.3920831149271083e-01,
       -1.8316275423657050e-01, 1.5787157960333311e+00,
       -7.2520608880956949e-01, -8.8651929383746686e-01,
       1.0010861031104904e-02, -1.8316275423657050e-01,
       -2.1488150179403454e-01, 1.3287987031519730e+00,
       6.0981771653111461e-01, -1.2613635336986989e-01,
       -2.7085909865922941e-01, 9.0924429945592833e-01,
       8.6262305705152298e-01, -3.7003066995543155e-01,
       -6.4525155526736744e-01, 5.5508806088609541e-01,
       -2.9964406913848080e-01, 9.2732459763858882e-02,
       5.8731374174894613e-01, -3.7003066995543155e-01,
       5.7642496185477211e-02, -2.4474819952839819e-02,
       -4.4276137729488069e-01, 8.0354340482134701e-01,
       -2.4376350335689537e-01, 2.1729085400460510e-01,
       -1.3955643880882465e-01, -1.0749395385720637e+00,
       4.9922966759277303e+00, 4.6832732265420027e+00,
       5.1325904218823091e+00, -1.4716118689153703e+02,
       5.0333038153840972e+00, 5.4736934462635904e+00,
       5.1047847153729506e+00, 6.7902113024325113e+00,
       5.9660430867857208e+00, 3.0833932666354027e+00,
       4.9641292180127179e+00, 3.0904236047454754e+00,
       5.1611882374856242e+00, 2.7949434976667211e+00,
       5.0929550085976310e+00, 4.4540781421696467e+00,
       4.9871374164635389e+00, 4.7626982256807269e+00,
       2.4151077007649944e+00, 4.7727461269426907e+00,
       4.9351332785503796e+00, 5.2859586178837716e+00,
       3.1120551206654534e+00, 4.7588604154452208e+00,
       5.2041835069175120e+00, 9.6998372612564818e+00,
       1.4757038177756867e+00, 3.1030123528305134e+00,
       4.6821946896730804e+00, 4.6535501720053869e+00,
       4.7740491452860399e+00, 5.3955088040282870e+00,
       4.8562702304339513e+00, 4.9351332785503796e+00,
       3.9779693102818041e+00, 3.1061944579816760e+00,
       3.1055645639884681e+00, 5.2389519693073199e+00,
       5.3955088040282870e+00, 4.7419371802212238e+00,
       3.0550988265734955e+00, 3.0692866542096549e+00,
       5.0944006231954431e+00, 6.6492361059607843e+00,
       5.0944006231954431e+00, 3.0923102255387205e+00,
       5.5282602985981324e+00, 4.7568804845967829e+00,
       4.8903460336214666e+00, -8.6583151090498571e+00,
       4.6631721652675440e+00, 4.8811785625082207e+00,
       2.3426916264066801e+01, 4.9857540991967930e+00,
       5.4329374332719347e+00, 2.8291121721451411e+00,
       4.8811785625082207e+00, 2.8581328934679995e+00,
       8.0101468444564610e+00, 4.4186547061636317e+00,
       3.1358169539618475e+00, 4.7626982256807269e+00,
       6.5657271811731102e+00, 6.7972975206384572e+00,
       3.0539010991536832e+00, 3.0808795200836516e+00,
       2.4337829206870008e+00, 3.0755596849785736e+00,
       5.6377559552163277e+00, 3.5742227466186893e+00,
       3.0539010991536832e+00, 5.7327976620821808e+00,
       5.0817144707344450e+00, 4.6344590770382492e+00,
       3.5699967612381771e+00, 5.0368471336856864e+00,
